  0.49
  0.62
  3.28
  2.00
  1.86
  3.91
  0.83
  0.12
  3.41
  1.48
  1.01
  0.42
  0.96
  0.17
  0.60
  0.82
  4.53
  0.46
  0.85
  2.09
  4.03
  1.22
  0.71
  0.15
  3.70
  1.07
  0.29
  0.77
  0.49
  0.23
  1.28
  0.97
  0.32
  0.27
  2.63
  0.40
  1.81
  1.72
  0.11
  0.28
  1.70
  0.65
  1.64
  1.95
  4.00
  9.22
  0.78
  0.13
  0.65
  1.03
  2.40
  7.87
  0.42
  1.05
  0.27
  3.34
  0.30
  0.14
  0.13
  1.51
  1.20
  1.72
  1.60
  1.84
  2.76
  1.81
  0.33
  4.60
  1.05
  1.03
  1.13
  1.64
  2.33
  2.30
  0.18
  1.26
  4.40
  4.57
  0.23
  0.44
  0.77
  0.79
  2.50
  0.92
  3.62
  2.47
  0.53
  0.49
  0.96
  0.77
  0.64
  2.68
  1.95
  0.46
  1.54
  3.18
  3.61
  0.50
  0.66
  2.34
  0.18
  0.14
  2.10
  1.78
  0.74
  3.19
  1.76
  0.48
  0.30
  1.69
  5.04
  0.65
  1.25
  1.80
  3.11
  0.40
  1.24
  0.36
  1.75
  2.30
  0.32
  0.99
  0.74
  0.78
  0.26
  1.05
  1.66
  2.04
  0.70
  0.23
  0.10
  0.24
  1.39
 13.97
  0.19
  1.24
  0.90
  0.84
  3.08
  3.31
  1.31
  0.75
  3.90
  1.60
  0.39
  0.22
  0.35
  1.15
  1.69
  0.92
  2.34
  0.72
  1.87
  0.61
  0.63
  1.05
  0.98
  1.35
  0.39
  2.48
  2.42
  0.73
  0.58
  1.84
  2.51
  0.13
  0.11
  1.40
  0.98
  2.75
  2.73
  1.86
  0.98
  1.01
  2.10
  2.18
  2.38
  2.95
  0.89
  0.31
  1.38
  0.32
  0.48
  0.59
  0.27
  0.43
  0.22
  1.96
  0.13
  2.96
  0.18
  1.68
  0.18
  0.44
  0.41
  1.46
  3.39
  0.42
  0.57
  2.27
  1.93
  3.27
  0.70
  1.54
  0.25
  0.77
  1.64
  2.32
  1.01
  6.24
  0.38
  2.24
  2.64
  0.51
  1.40
  0.10
  0.20
  0.17
  3.08
  0.18
  0.81
  8.16
  0.28
  0.75
  3.95
  2.74
  2.34
  0.10
  0.16
  2.57
  1.89
  1.78
  0.48
  1.80
  0.19
  0.15
  3.29
  1.87
  0.89
  0.74
  0.18
  6.80
  1.25
  4.26
  0.71
  1.42
  2.01
  1.16
  2.14
  1.32
  1.84
  1.83
  2.15
  3.35
  0.44
  3.27
  3.27
  0.38
  0.79
  0.16
  0.64
  3.78
  0.95
  2.04
  0.84
  1.35
  1.43
  0.35
  0.30
  1.21
  0.68
  0.37
  0.29
  0.56
  0.46
  3.55
  0.98
  1.79
  0.55
  0.67
  0.69
  0.31
  0.47
  0.70
  0.72
  2.18
  0.19
  3.07
  2.02
  0.16
  1.53
  3.74
  1.17
  5.47
  0.32
  0.39
  0.66
  0.64
  0.61
  1.79
  0.15
  0.60
  3.01
  3.44
  0.80
  2.63
  2.57
  1.89
  0.84
  0.80
  2.57
  0.29
  1.67
  0.35
  1.82
  8.48
  3.71
  1.18
  1.14
  0.42
  0.41
  0.45
  0.89
  0.37
  0.37
  2.77
  0.20
  1.29
  3.80
  0.50
  0.90
  3.99
  4.48
  0.67
  0.11
  2.18
  0.47
  0.30
  1.69
  1.08
  2.37
  0.41
  1.06
  4.95
  2.10
  0.28
  0.75
  4.44
  5.36
  1.18
  0.62
  0.13
  1.15
  1.59
  0.63
  2.72
  0.65
  0.37
  1.12
  3.55
  3.52
  0.71
  0.14
  0.31
  2.68
  0.55
  3.71
  0.28
  5.36
  0.80
  0.35
  2.37
  4.61
  1.88
  1.07
  2.79
  0.55
  0.46
  1.41
  3.21
  1.52
  0.20
  2.16
  0.58
  2.75
  0.28
  0.97
  0.49
  0.95
  0.15
  2.08
  1.34
  6.82
  1.36
  0.18
  1.45
 14.16
  1.60
  1.41
  0.18
  1.82
  0.59
  0.42
  0.32
  1.12
  3.82
  1.14
  2.37
  0.69
  0.80
  1.74
  0.89
  0.78
  0.99
  1.19
  0.74
  0.15
  1.71
  3.79
  1.25
  0.24
  0.26
  2.02
  1.33
  3.86
  1.08
  2.20
  2.90
  0.49
  0.43
  2.41
  1.30
  3.80
  0.74
  1.28
  0.23
  0.70
  1.75
  0.23
  6.05
  1.08
  6.12
  3.00
  3.62
  0.13
  1.29
  1.44
  0.36
  3.36
  1.14
  6.86
  1.26
  1.42
  0.33
  2.44
  0.91
  1.28
  0.85
  1.38
  2.07
  2.41
  1.03
  0.53
  0.46
  0.98
  0.55
  1.15
  1.07
  3.50
  0.16
  2.03
  0.72
  3.00
  0.56
  1.84
  1.14
  1.29
  4.42
  1.00
  0.78
  0.18
  0.69
  1.19
  5.93
  2.01
  1.39
  0.85
  0.64
  0.77
  1.19
  0.95
  0.54
  1.99
  1.18
  0.19
  2.01
  0.65
  3.35
  1.06
  3.49
  0.33
  0.38
  0.34
  0.68
  0.27
  0.50
  0.45
  0.14
  3.47
  0.19
  0.27
  1.17
  1.03
  4.03
  1.05
  1.95
  1.69
  0.32
  1.36
  0.97
  0.14
  2.84
  0.66
  0.62
  0.95
  1.40
  1.41
  0.98
  0.42
  2.00
  0.59
  4.91
  0.80
  0.16
  0.12
  0.12
  1.47
  0.15
  2.26
  1.20
  1.50
  0.46
  2.24
  2.31
  0.12
  4.62
  0.55
  0.17
  1.71
  0.88
  2.50
  0.58
  0.69
  1.40
  2.31
  1.93
  0.18
  0.34
  5.79
  0.78
  1.11
  0.16
  0.16
  0.16
  1.77
  0.15
  0.57
  0.78
  0.29
  4.25
  1.37
  0.11
  1.44
  0.98
  7.26
  1.26
  0.50
  0.94
  0.13
  2.00
  0.27
  0.86
  0.47
  7.35
  1.68
  0.91
  3.15
  0.28
  1.02
  0.58
  0.23
  0.93
  2.70
  0.98
  3.82
  3.22
  1.65
  2.36
  2.65
  0.26
  1.69
  0.31
  1.49
  0.26
  1.24
  0.88
  0.63
  3.15
  3.76
  0.51
  2.89
  1.19
  3.14
  1.05
  0.76
  1.50
  0.15
  0.65
  0.60
  0.15
  1.21
  2.50
  0.81
  0.14
  1.05
  0.51
  1.10
  0.47
  0.54
  1.22
  0.15
  4.16
  0.12
  0.15
  0.19
  0.88
  1.93
  1.93
  1.86
 12.38
  3.76
  3.15
  1.50
  0.92
  1.39
  0.52
  0.62
  0.19
  2.01
  1.24
  0.53
  1.39
  0.39
  0.12
  0.26
  2.43
  2.47
  1.15
  4.94
  1.08
  0.81
  0.48
  2.00
  0.63
  1.41
  2.19
  0.30
  0.15
  1.50
  0.81
  0.77
  1.49
  0.46
  0.76
  0.36
  0.72
  0.40
  0.12
  1.95
  1.07
  2.04
  0.88
  0.69
  2.58
  0.43
  1.76
  2.09
  0.15
  2.48
  1.24
  1.14
  3.98
  1.60
  0.59
  0.30
  0.95
  0.49
  1.19
  0.27
  2.41
  1.48
  1.43
  6.37
  2.56
  2.89
  0.89
  0.61
  0.19
  1.20
  3.44
  1.70
  0.93
  0.89
  1.75
  3.25
  2.09
  0.74
  0.65
  1.53
  0.16
  1.71
  0.72
  0.26
  0.85
  1.95
  0.48
  6.58
  0.63
  0.93
  0.83
  0.13
  2.23
  4.08
  1.06
  0.75
  2.13
  1.32
  2.41
  0.89
  2.91
  1.25
  3.11
  9.19
  1.65
  0.18
  0.91
  0.36
  2.97
  6.00
  0.24
  6.44
  2.99
  1.66
  0.12
  1.54
  3.34
  0.72
  3.13
  3.13
  1.39
  0.73
  3.35
  0.73
  1.79
  1.00
  0.11
  0.83
  1.44
  1.04
  0.12
  0.33
  1.35
  0.44
  0.33
  0.16
  1.63
  0.52
  7.08
  1.12
  0.24
  0.17
  6.39
  0.24
  4.32
  0.59
  0.12
  3.13
  0.48
  0.56
  0.42
  2.89
  1.23
  0.35
  1.35
  4.36
  2.77
  1.27
  1.25
  3.33
  1.33
  2.86
  1.87
  0.95
  0.83
  0.65
  2.28
  0.74
  0.90
  0.28
  3.94
  1.78
  0.90
  2.74
  0.66
  4.09
  0.78
  2.16
  0.55
  0.82
  0.54
  0.54
  1.36
  0.55
  1.77
  5.13
  0.80
  1.24
  4.90
  3.02
  0.50
  2.04
  2.98
  2.75
  3.24
  0.26
  0.50
  2.64
  1.20
  1.47
  0.76
  1.48
  0.31
  4.25
  0.64
  2.83
  0.69
  0.15
  0.33
  0.60
  6.85
  1.82
  0.51
  0.92
  0.45
  0.92
  0.28
  1.61
  0.44
  1.78
  0.33
  3.22
  0.34
  0.14
  0.52
  0.81
  0.13
  1.10
  3.69
  1.50
  0.58
  1.04
  2.75
  3.93
  0.99
  0.70
  0.41
  1.12
  0.66
  2.36
  0.49
  1.28
  1.70
  1.06
  2.92
  0.37
  2.45
  0.34
  1.18
  5.63
  3.57
  2.21
  2.26
  2.41
  1.30
  1.65
  0.20
  0.15
  1.37
  0.34
  1.71
  0.99
  1.52
  0.60
  1.81
  2.34
  1.18
  2.03
  0.46
  5.22
  0.67
  2.14
  3.51
  1.08
  0.63
  1.26
  0.12
  1.36
  0.43
  1.65
  2.88
  0.12
  0.14
  3.41
  1.63
  3.23
  0.56
  0.92
  0.11
  0.12
  0.38
  2.49
  1.14
  0.42
  0.28
  0.19
  0.13
  0.68
  0.82
  1.94
  0.33
  2.37
  1.81
  0.47
  1.08
  1.26
  0.58
  0.62
  1.02
  3.75
  1.71
  1.08
  1.10
  3.19
  1.56
  0.23
  1.72
  0.34
  0.14
  0.94
  4.24
  0.16
  0.15
  0.61
  2.10
  2.09
  1.75
  1.18
  1.33
  0.80
  0.60
  2.96
  0.48
  4.15
  0.28
  1.53
  0.43
  3.46
  0.33
  2.97
  0.35
  0.89
  1.92
  2.87
  0.48
  0.71
  0.32
  2.19
  0.68
  3.02
  0.43
  0.76
  0.17
  2.24
  0.38
  1.24
  1.03
  0.41
  1.06
  0.26
  0.72
  0.14
  2.21
  0.47
  2.15
  0.18
  1.24
  6.08
  1.02
  3.43
  1.54
  0.31
  2.13
  1.10
  1.21
  0.54
  1.27
  0.12
  0.35
  0.75
  5.59
  0.92
  6.05
  0.39
  0.80
  0.61
  0.72
  0.25
  1.49
  0.50
  3.95
  1.11
  0.50
  0.20
  0.34
  1.58
  1.93
  0.16
  2.77
  1.81
  3.88
  3.36
  2.78
  1.08
  0.37
  1.33
  0.14
  1.29
  0.41
  0.51
  0.93
  0.91
  1.06
  0.95
  1.99
  3.28
  1.23
  0.76
  0.46
  1.02
  1.01
  0.49
  1.09
  1.25
  0.40
  2.49
  1.49
  0.17
  0.81
  0.84
  0.45
  0.36
  0.13
  0.94
  0.29
  1.30
  0.28
  0.33
  0.40
  1.16
  3.56
  1.78
  5.27
  5.89
  0.19
  1.11
  3.74
  4.25
  1.15
  1.71
  2.51
  1.09
  0.43
  0.27
  0.31
  1.64
  1.64
  0.12
  1.33
  1.68
  6.55
  3.47
  1.75
  0.85
  0.68
  0.30
  3.09
  0.78
  0.95
  0.14
  1.33
  2.24
  1.39
  1.23
  0.20
  0.97
  1.46
  0.60
  1.82
  0.16
  0.55
  2.16
  1.31
  0.39
  4.83
  1.87
  1.16
  0.52
  0.74
  0.10
  1.68
  1.88
  3.97
  9.47
  1.43
  0.44
  0.73
  0.48
  4.53
  0.50
  0.17
  0.88
  1.58
  1.57
  0.15
  0.44
  0.35
  0.52
  2.84
  1.15
  0.73
  0.10
  0.12
  0.28
  0.52
  0.79
  1.01
  1.58
  1.64
  1.23
  0.11
  2.16
  3.62
  0.54
  1.79
  1.34
  0.18
  0.53
  1.20
  0.24
  1.45
  5.87
  0.37
  2.50
  0.99
  1.66
  1.04
  3.05
  0.48
  2.34
  3.56
  0.86
  3.76
  0.57
  2.13
  0.90
  0.16
  1.82
  3.11
  1.45
  0.76
  0.31
  0.91
  0.51
  1.15
  1.97
  8.26
  0.13
  2.81
  1.18
  1.05
  0.50
  1.23
  0.94
  8.00
  2.06
  4.42
  0.31
  2.19
  3.29
  1.43
  0.81
  1.25
  0.76
  2.42
  0.80
  0.24
  0.41
  0.25
  3.29
  2.01
  0.54
  0.47
  1.53
  1.87
  0.73
  1.70
  1.37
  2.52
  0.30
  0.14
  2.39
  5.45
  1.11
  3.46
  0.36
  1.53
  0.80
  0.62
  2.59
  4.73
  2.13
  0.14
  0.84
  0.24
  0.20
  2.51
  2.54
  1.27
  0.44
  1.75
  1.82
  0.28
  0.16
  1.10
  1.16
  1.50
  0.35
  1.73
  0.77
  0.17
  0.58
  0.52
  0.36
  0.14
  1.23
  0.82
  0.32
  9.10
  1.08
  0.45
  0.97
  3.25
  3.69
  2.46
  9.32
  0.12
  0.17
  0.15
  0.41
  0.34
  0.91
  0.29
  2.76
  4.61
  5.51
  5.71
  3.29
  2.58
  1.95
  0.46
  0.28
  0.27
  0.71
  1.37
  8.38
  0.49
  1.57
  1.10
  2.61
  0.95
  1.28
  0.41
  0.32
  0.46
  0.58
  1.90
  1.83
  0.61
  0.14
  1.70
  0.87
  1.24
  3.59
  0.23
  0.23
  1.21
  3.22
  0.12
  1.39
  3.86
  0.12
  9.21
  2.09
  3.22
  0.63
  0.90
  1.33
  1.43
  0.97
  0.80
  2.24
  0.16
  0.86
  1.51
  0.88
  0.19
  0.52
  1.61
  3.99
  1.12
  0.68
  0.76
  1.28
  0.48
  0.93
  4.55
  2.79
  0.35
  1.09
  0.13
  4.89
  0.26
  2.78
  2.06
  2.78
  1.91
  3.48
  0.31
  1.04
  0.37
  0.19
  0.67
  5.43
  0.29
  0.89
  1.02
  1.04
  1.33
  0.51
  0.58
  1.00
  2.33
  1.49
  0.85
  1.13
  0.47
  1.43
  0.28
  0.57
  0.79
  0.16
  1.35
  0.93
  0.72
  0.93
  2.57
  0.10
  1.20
  0.74
  0.47
  1.38
  0.43
  6.10
  0.87
  0.50
  0.70
  0.15
  0.26
  3.02
  3.66
  0.13
  0.66
  5.03
  1.66
  0.57
  1.80
  1.28
  1.27
  1.48
  0.64
  0.30
  0.63
  1.59
  1.01
  1.55
  0.72
  2.31
  3.41
  4.18
  0.89
  3.40
  2.15
  2.61
  1.35
  0.28
  0.87
  0.84
  1.98
  0.83
  4.90
  1.04
  1.12
  0.57
  0.43
  0.89
  3.47
  1.73
  1.35
  3.01
  1.47
  0.31
  1.55
  0.20
  0.57
  4.16
  0.96
  4.23
  3.98
  0.59
  3.38
  1.07
  0.87
  2.70
  2.94
  0.71
  0.47
  0.13
  0.11
  6.58
  0.43
  0.90
  0.43
  4.40
  0.19
  0.27
  2.52
  4.35
  2.60
  0.46
  1.08
  3.01
  0.92
  0.33
  0.69
  3.26
  0.65
  1.00
  1.86
  0.50
  1.70
  1.15
  0.23
  0.13
  0.15
  1.62
  1.43
  3.35
  0.28
  0.54
  4.69
  0.12
  0.24
  1.22
  1.81
  4.58
  2.37
  0.58
  1.52
  0.43
  2.42
  0.54
  1.50
  4.18
  2.43
  1.21
  0.36
  3.42
  0.42
  0.90
  0.77
  1.64
  0.56
  2.16
  0.40
  0.43
  1.93
  1.62
  1.39
  5.07
  1.17
  1.08
  2.25
  0.12
  0.40
  0.39
  0.34
  0.13
  1.67
  1.93
  1.58
  0.13
  0.39
  2.82
  1.04
  0.11
  0.98
  0.27
  3.21
  4.37
  0.26
  0.13
  0.15
  1.13
  0.49
  2.53
  1.77
  0.74
  4.38
  4.19
  2.02
  1.00
  0.18
  1.10
  0.71
  1.29
  0.93
  2.83
  0.73
  1.10
  0.37
  0.32
  0.79
  5.43
  1.37
  0.26
  4.58
  1.20
  6.92
  3.58
  2.23
  0.52
  2.13
  0.30
  3.01
  0.49
  4.59
  0.60
  0.96
  1.06
  0.17
  1.30
  3.95
  3.30
  0.75
  0.18
  4.20
  0.75
  1.48
  0.14
  1.81
  1.00
  5.94
  0.78
  0.74
  2.86
  1.41
  0.30
  1.29
  2.38
  2.31
  0.35
  3.39
  2.24
  6.76
  0.65
  0.47
  0.27
  0.33
  0.62
  0.37
  1.96
  2.58
  2.71
  0.18
  0.87
  4.31
  0.39
  0.65
  0.40
  2.25
  0.60
  0.52
  1.00
  4.29
  2.72
  2.19
  2.14
  0.53
  5.22
  0.89
  1.18
  0.47
  0.20
  0.87
  4.63
  0.20
  0.41
  0.88
  0.39
  0.58
  0.15
  5.87
  3.25
  0.38
  0.75
  3.45
  1.29
  1.53
  0.50
  0.15
  2.54
  0.14
  1.38
  0.27
  1.33
  0.77
  1.15
  4.53
  1.13
  1.40
  4.91
  2.57
  0.98
  3.87
  2.92
  1.42
  2.06
  2.36
  0.86
  1.73
  1.03
  4.75
  1.54
  1.92
  0.30
  0.95
  1.06
  1.18
  0.92
  1.52
  1.26
  0.15
  1.01
  0.13
  2.59
  0.59
  2.40
  0.89
  1.05
  1.11
  0.33
  0.15
  0.70
  0.69
  0.10
  0.51
  1.84
  2.39
  5.87
  1.00
  0.86
  1.18
  0.11
  0.68
  2.45
  0.82
  3.63
  3.41
  1.94
  0.79
  1.47
  0.71
  0.51
  3.53
  1.31
  1.08
  1.08
  0.16
  1.64
  0.31
  5.35
  4.58
  0.19
  2.54
  0.16
  1.31
  0.84
  2.13
  0.80
  1.32
  3.87
  0.62
  0.86
  2.44
  0.19
  1.72
  0.55
  0.73
  2.67
  0.96
  0.82
  0.59
  0.19
  0.32
  0.60
  0.78
  1.23
  0.39
  1.65
  0.35
  3.16
  0.94
  0.33
  1.56
  2.40
  1.80
  5.90
  0.45
  0.15
  0.25
  1.14
  2.61
  0.49
  1.24
  0.74
  6.59
  2.69
  0.43
  0.27
  2.40
  0.27
  2.19
  1.23
  0.50
  0.58
  2.14
  0.30
  1.25
  5.34
  1.82
  1.91
  0.13
  0.46
  2.46
  1.32
  0.78
  0.36
  1.59
  0.26
  2.27
  2.19
  0.59
  0.53
  0.30
  0.57
  1.08
  0.30
  0.86
  0.80
  0.46
  0.43
  1.28
  1.51
  1.96
  3.23
  0.62
  0.12
  0.17
  0.43
  0.16
  2.45
  6.52
  1.72
  0.58
  0.53
  2.07
  1.92
  0.29
  1.03
  1.34
  0.61
  3.69
  1.55
  3.22
  0.98
  0.83
  0.11
  0.49
  1.49
  0.80
  1.97
  3.72
  0.16
  0.68
  4.09
  1.09
  0.31
  1.55
  0.13
  3.64
  1.31
  0.63
  2.25
  1.05
  3.06
  6.05
  6.07
  0.62
  6.27
  4.30
  1.64
  0.94
  0.19
  2.10
  0.11
  1.87
  1.10
  1.33
  0.16
  1.42
  1.55
  2.88
  1.13
  2.12
  0.16
  3.85
  1.00
  1.29
  0.79
  0.51
  2.19
  2.12
  1.23
  1.46
  3.71
  0.89
  3.30
  0.63
  0.27
  0.18
  0.12
  0.47
  0.54
  0.79
  1.95
  1.29
  2.12
  0.12
  0.32
  0.38
  1.98
  0.15
  0.17
  0.16
  0.57
  1.55
  0.63
  0.62
  6.40
  0.73
  2.05
  0.11
  1.60
  0.17
  1.36
  0.19
  0.60
  1.01
  3.44
  0.51
  0.44
  0.44
  2.88
  0.20
  1.19
  0.82
  0.50
  1.84
  4.70
  0.42
  1.84
  2.13
  0.13
  0.14
  0.51
  2.49
  0.52
  1.63
  0.76
  0.16
  0.14
  0.17
  4.01
  0.10
  6.48
  0.23
  1.51
  0.78
  1.30
  0.55
  1.88
  0.61
  1.16
  0.10
  0.24
  1.60
  0.32
  3.81
  1.73
  0.84
  4.24
  1.48
  1.54
  3.35
  0.57
  0.37
  0.84
  0.20
  1.82
  0.11
  0.47
  5.45
  0.50
  0.11
  0.53
  0.59
  0.45
  1.18
  0.19
  0.14
  1.18
  1.40
  0.81
  0.50
  4.78
  0.60
  0.12
  0.62
  2.58
  1.71
  2.72
  0.20
  1.95
  3.44
  0.90
  0.74
  1.00
  1.21
  1.32
  1.28
  0.14
  0.43
  1.25
  2.52
  0.29
  0.37
  0.29
  3.00
  0.81
  0.53
  0.27
  1.51
  0.30
  0.68
  0.16
  0.50
  1.67
  1.42
  0.79
  0.42
  1.91
  1.63
  1.80
  1.72
  1.43
  2.57
  1.18
  0.46
  1.08
  1.05
  3.02
  0.81
  0.24
  0.12
  0.63
  0.89
  0.20
  0.27
  0.20
  3.18
  2.62
  0.39
  3.25
  2.07
  0.97
  3.44
  1.93
  1.42
  1.62
  0.48
  1.11
  0.59
  2.17
  1.01
  2.38
  1.49
  0.29
  0.13
  2.17
  0.10
  1.10
  2.34
  0.94
  3.39
  0.23
  1.56
  0.28
  0.12
  0.48
  0.35
  0.89
  0.77
  0.39
  2.25
  0.46
  0.29
  2.26
  0.30
  1.47
  2.58
  0.45
  1.60
  0.42
  1.48
  1.81
  0.13
  1.06
  0.49
  3.51
  0.15
  1.04
  0.67
  0.42
  1.00
  0.19
  0.19
  0.61
  0.84
  0.24
  1.09
  0.14
  3.71
  1.58
  0.39
  1.39
  9.60
  2.49
  0.88
  0.20
  2.89
  6.70
  1.04
  0.70
  1.19
  1.07
  3.85
  1.85
  0.64
  0.44
  1.02
  2.30
  0.67
  5.35
  0.19
  1.33
  1.31
  3.01
  0.36
  0.34
  0.56
  1.10
  1.24
  0.28
  1.46
  2.42
  1.32
  0.34
  0.13
  2.90
  0.51
  3.53
  0.63
  3.72
  1.63
  0.26
  3.10
  0.51
  1.55
  0.10
  5.06
  0.12
  0.70
  0.37
  2.56
  0.10
  1.02
  0.22
  2.22
  0.13
  0.66
  1.24
  1.80
  0.91
  0.50
  0.85
  3.02
  0.79
  0.97
  0.94
  1.35
  0.66
  2.48
  2.92
  0.19
  0.45
  1.43
  0.13
  2.40
  0.66
  0.82
  2.40
  3.39
  0.68
  0.89
  0.64
  0.89
  0.33
  0.25
  0.26
  2.67
  0.36
  1.61
  0.70
  0.45
  1.60
  0.51
  0.36
  2.11
  0.28
  2.33
  3.09
  2.27
  1.03
  1.47
  0.16
  0.32
  5.04
  0.27
  1.50
  1.98
  0.38
  0.55
  1.28
  3.24
  0.34
  1.19
  2.32
  0.82
  0.84
  0.32
  0.19
  2.98
  0.12
  2.22
  1.97
  1.30
  0.48
  0.14
  1.61
  2.01
  4.05
  1.24
  0.19
  2.26
  0.11
  1.46
  0.83
  1.04
  0.30
  2.54
  2.00
  2.29
  6.38
  0.88
  2.89
  0.57
  1.08
  1.98
  1.63
  0.17
  0.46
  0.87
  0.61
  0.86
  0.29
  0.18
  4.03
  1.46
  0.50
  1.32
  0.17
  0.33
  0.50
  2.13
  2.86
  1.55
  0.93
  1.66
  0.43
  2.20
  2.72
  5.19
  0.47
  1.10
  0.44
  1.14
  1.36
  0.29
  1.21
  3.37
  1.36
  0.14
  0.68
  0.18
  1.78
  0.93
  0.19
  0.54
  4.10
  1.80
  1.80
  0.33
  0.14
  0.56
  3.56
  2.76
  4.92
  0.72
  0.66
  1.67
  0.38
  0.47
  0.46
  0.11
  0.21
  0.20
  2.82
  0.48
  1.99
  0.28
  0.17
  1.57
  1.96
  1.16
  5.27
  0.60
  0.61
  0.83
  1.97
  3.68
  0.38
  1.73
  0.60
  2.28
  1.24
  3.70
  2.06
  0.53
  1.04
  2.40
  0.13
  5.14
  1.41
  2.36
  1.11
  0.82
  1.08
  0.39
  0.18
  1.93
  1.90
  2.32
  0.87
  2.93
  0.79
  1.59
  0.68
  1.76
  0.20
  0.76
  1.62
  1.83
  0.46
  1.77
  1.66
  0.48
  0.26
  1.90
  2.50
  0.35
  3.66
  0.14
  0.72
  0.59
  0.54
  1.71
  0.18
  1.29
  2.77
  0.52
  1.44
  0.32
  0.33
  0.92
  0.98
  0.26
  1.17
  1.99
  1.54
  3.48
  1.39
  0.72
  1.12
  1.65
  0.15
  0.47
  2.52
  0.42
  2.02
  1.98
  3.19
  1.32
  2.89
  0.10
  1.15
  2.46
  1.07
  1.73
  2.24
  2.46
  0.99
  0.62
  1.08
  3.19
  1.08
  0.30
  0.49
  1.07
  1.87
  0.13
  0.73
  0.23
  2.43
  3.31
  3.17
  0.14
  3.08
  4.30
  0.80
  1.27
  1.01
  0.19
  0.50
  1.78
  2.97
  2.18
  4.00
  3.39
  0.99
  0.19
  3.01
  2.52
  0.64
  4.40
  1.52
  1.46
  0.32
  0.18
  2.60
  4.61
  1.69
  0.17
  0.46
  0.80
  0.73
  1.12
  0.19
  0.31
  2.92
  1.39
  0.35
  1.17
  1.30
  1.47
  0.63
  3.73
  0.15
  0.86
  3.44
  0.12
  3.68
  1.57
  2.23
  1.40
  2.08
  0.47
  0.60
  0.14
  0.66
  0.34
  2.31
  0.68
  0.29
  0.84
  0.12
  4.46
  0.49
  1.69
  5.29
  3.20
  2.10
  0.48
  1.42
  2.44
  0.46
  0.18
  3.67
  0.19
  0.87
  0.98
  0.34
  0.61
  1.35
  0.70
  1.39
  0.19
  3.23
  3.35
  0.41
  0.26
  0.92
  0.89
  3.25
  0.64
  0.13
  0.78
  0.86
  1.47
  0.12
  0.24
  1.26
  0.43
  0.24
  0.40
  1.80
  1.00
  1.17
  1.63
  0.98
  0.62
  2.36
  0.73
  0.56
  1.26
  1.36
  2.07
  0.81
  1.98
  0.53
  7.49
  2.06
  1.17
  0.43
  2.23
  1.83
  4.64
  0.44
  0.15
  0.16
  0.84
  0.13
  1.08
  8.46
  0.16
  0.89
  0.65
  0.11
  2.79
  0.53
  0.29
  4.50
  1.60
  1.55
  1.03
  0.27
  1.01
  1.43
  0.19
  1.84
 10.29
  0.92
  1.43
  2.87
  1.24
  4.67
  1.44
  0.12
  4.16
  0.32
  5.04
  2.12
  0.50
  7.19
  2.84
  1.18
  6.37
  0.20
  2.56
  0.63
  1.43
  2.52
  3.41
  1.39
  1.52
  1.94
  1.31
  0.60
  0.63
  1.40
  2.62
  0.65
  2.06
  0.17
  0.84
  4.18
  0.25
  1.78
  2.13
  1.06
  1.22
  4.80
  4.93
  0.19
  0.19
  1.74
  0.59
  0.89
  1.30
  3.16
  0.55
  2.64
  0.14
  0.40
  0.29
  1.27
  0.61
  4.53
  1.29
  1.58
  2.30
  1.93
  0.59
  0.56
  1.26
  0.30
  0.55
  0.25
  0.47
  0.17
  0.56
  0.35
  0.55
  2.13
  1.00
  3.96
  0.38
  1.65
  1.72
  1.83
  1.00
  4.93
  0.35
  3.76
  0.40
  1.82
  2.06
  1.26
  0.15
  0.20
  0.44
  2.56
  0.58
  3.83
  0.82
  4.00
  0.38
  0.58
  0.24
  4.52
  0.39
  0.16
  0.84
  0.14
  1.32
  1.44
  1.49
  2.40
  0.13
  5.44
  1.89
  2.62
 15.01
  0.19
  0.19
  2.55
  1.20
  1.80
  0.15
  0.77
  0.16
  1.06
  2.36
  0.11
  2.08
  0.60
  0.46
  1.35
  4.00
  1.65
  0.29
  1.75
  9.65
  3.42
  1.27
  1.38
  0.17
  0.29
  0.19
  2.06
  1.70
  0.75
  4.16
  1.00
  0.11
  2.45
  3.14
  0.91
  1.77
  1.82
  5.03
  1.37
  1.71
  0.16
  1.24
  0.44
  1.56
  0.39
  1.23
  0.27
  1.49
  0.67
  1.51
  0.96
  0.54
  1.49
  1.36
  0.57
  0.83
  0.42
  1.17
  0.38
  0.11
  0.44
  1.64
  0.18
  1.07
  1.63
  0.45
  1.05
  0.49
  2.18
  0.83
  0.63
  1.68
  4.87
  0.53
  1.28
  1.11
  1.23
  1.97
  0.32
  1.60
  0.16
  0.24
  1.16
  0.33
  2.18
  1.66
  5.92
  1.12
  0.18
  1.70
  3.05
  2.03
  1.64
  7.97
  0.49
  0.34
  0.61
  2.56
  1.88
  0.13
  2.03
  0.37
  1.11
  1.57
  3.52
  3.08
  0.25
  0.22
  1.54
  0.54
  2.09
  1.06
  0.83
  1.60
  1.47
  2.01
  0.39
  2.71
  4.15
  1.32
  2.01
  2.32
  1.74
  1.62
  0.91
  0.93
  0.69
  0.57
  0.18
  0.35
  6.12
  1.34
  0.46
  0.26
  0.86
  0.90
  2.48
  0.51
  3.95
  1.06
  0.32
  0.72
  1.86
  0.12
  3.55
  0.16
  2.16
  1.63
  4.95
  1.26
  1.73
  0.87
  0.70
  0.99
  0.43
  1.86
  0.52
  0.13
  1.05
  3.41
  1.52
  2.14
  0.25
  0.68
  1.85
  0.58
  0.45
  0.40
  0.94
  0.70
  0.16
  2.48
  4.59
  1.78
  3.12
  1.13
  1.85
  2.65
  2.28
  0.17
  0.37
  0.22
  0.40
  0.26
  0.24
  2.08
  0.41
  2.36
  1.36
  2.02
  6.27
  3.33
  0.31
  3.96
  0.16
  0.67
  2.23
  1.41
  4.62
  2.53
  0.32
  1.07
  3.71
  2.42
  0.82
  0.30
  1.23
  4.63
  5.44
  1.15
  1.46
  2.14
  0.11
  3.48
  0.95
  0.11
  1.39
  0.31
  0.75
  3.04
  2.42
  0.71
  1.32
  2.48
  0.38
  0.57
  0.64
  1.42
  0.30
  1.51
  1.79
  0.76
  0.42
  0.58
  0.38
  0.20
  1.39
  1.69
  0.34
  2.34
  0.79
  8.74
  0.41
  3.41
  0.76
  1.43
  3.54
  1.86
  2.72
  1.49
  2.51
  2.47
  3.65
  0.31
  1.94
  0.88
  1.72
  0.39
  0.32
  0.11
  0.81
  4.99
  4.14
  0.90
  0.66
  1.20
  0.89
  1.81
  1.43
  0.87
  2.77
  0.62
  0.30
  2.49
  1.26
  0.19
  2.14
  0.33
  0.84
  0.85
  3.69
  0.92
  3.09
  0.15
  1.17
  2.65
  0.23
  1.65
  1.88
  2.72
  0.34
  0.73
  0.29
  0.36
  1.63
  2.40
  2.41
  0.76
  4.17
  0.26
  0.29
  0.57
  0.88
  0.28
  0.60
  0.20
  3.79
  1.27
  0.15
  0.13
  1.58
  2.14
  1.88
  4.81
  3.35
  1.03
  1.13
  4.45
  0.86
  2.21
  1.46
  2.23
  0.33
  5.35
  0.37
  0.18
  0.18
  0.12
  0.16
  4.19
  0.59
  0.75
  0.16
  0.59
  1.96
  1.51
  0.26
  0.79
  0.12
  0.14
  1.32
  1.52
  1.00
  5.87
  0.79
  0.97
  1.44
  0.68
  2.42
  0.78
  0.54
  0.24
  0.76
  5.85
  0.66
  2.64
  2.03
  0.79
  0.71
  2.55
  2.11
  1.08
  1.09
  1.26
  0.13
  0.79
  0.38
  0.14
  1.07
  0.78
  0.96
  0.16
  1.21
  1.36
  1.53
  0.63
  0.79
  3.12
  0.14
  0.31
  0.32
  0.74
  0.18
  0.12
  0.73
  2.17
  5.41
  1.80
  0.70
  0.35
  0.80
  0.75
  1.47
  0.16
  3.43
  1.22
  1.79
  0.30
  0.97
  0.42
  1.71
  0.51
  3.93
  1.40
  0.27
  1.16
  0.76
  0.58
  4.02
  1.76
  0.15
  0.92
  0.15
  2.34
  1.83
  1.78
  1.14
  0.88
  0.10
  2.79
  3.24
  0.13
  0.10
  2.13
  0.14
  1.80
  0.79
  0.58
  0.83
  0.29
  1.55
  0.66
  0.17
  1.15
  2.00
  0.14
  0.13
  0.66
  0.16
  5.54
  0.49
  0.45
  0.55
  1.06
  0.34
  0.42
  0.36
  0.14
  0.49
  1.56
  0.49
  2.05
  0.74
  0.59
  3.02
  0.58
  0.97
  2.34
  4.91
  1.37
  1.63
  1.10
  0.93
  0.44
  1.55
  0.66
  0.69
  1.71
  0.41
  1.57
  0.59
  0.32
  0.66
  2.73
  0.13
  0.77
  0.36
  0.18
  0.89
  1.93
  0.14
  0.87
  4.78
  2.82
  0.70
  0.51
  0.86
  2.64
  6.74
  1.89
  0.70
  0.19
  2.41
  0.64
  1.50
  0.10
  1.13
  0.46
  1.59
  0.40
  0.32
  0.19
  0.54
  2.33
  0.83
  0.63
  0.12
  0.57
  0.90
  5.62
  3.23
  0.27
  0.17
  0.88
  0.14
  0.50
  1.28
  0.66
  2.84
  2.71
  1.01
  1.74
  3.17
  1.22
  2.64
  0.42
  1.99
  0.22
  1.90
  5.38
  0.88
  3.72
  0.53
  0.44
  2.49
  0.31
  0.10
  2.36
  1.71
  0.56
  0.17
  1.89
  2.11
  1.62
  0.39
  0.47
  2.68
  4.74
  1.72
  3.44
  1.42
  2.56
  0.77
  0.98
  0.16
  0.50
  1.79
  3.32
  0.90
  0.15
  0.73
  0.90
  1.66
  3.97
  2.87
  0.14
  0.65
  0.12
  2.62
  1.97
  1.50
  0.58
  0.32
  1.41
  0.83
  2.25
  0.79
  1.22
  1.55
  0.46
  1.41
  2.04
  0.98
  3.56
  0.65
  1.14
  6.74
  0.47
  5.30
  0.75
  0.41
  1.42
  0.97
  0.47
  5.08
  0.25
  0.19
  0.48
  0.65
  1.99
  0.84
  1.15
  1.11
  0.39
  1.87
  1.34
  4.93
  0.37
  2.60
  0.98
  1.83
  1.00
  0.14
  0.67
  0.25
  1.20
  0.46
  0.87
  0.47
  1.28
  0.57
  2.29
  0.34
  1.34
  1.04
  0.58
  1.82
  0.56
  2.95
  0.84
  0.26
  1.89
  0.22
  1.22
  0.61
  0.28
  5.10
  1.97
  1.02
  2.56
  0.10
  0.20
  2.40
  0.32
  1.45
  0.98
  0.45
  1.15
  3.24
  2.15
  3.36
  0.17
  0.97
  4.30
  0.92
  1.07
  1.62
  4.13
  2.24
  1.26
  3.30
  0.30
  0.17
  0.65
  1.04
  1.07
  1.47
  0.46
  0.28
  1.30
  0.31
  1.51
  2.09
  0.12
  0.64
  2.08
  0.82
  1.74
  0.88
  3.18
  0.14
  1.75
  0.64
  0.51
  0.34
  0.80
  1.07
  0.82
  0.65
  0.20
  0.28
  3.02
  0.52
  0.92
  1.99
  1.05
  3.92
  4.19
  2.04
  0.37
  0.48
  1.33
  0.26
  1.69
  0.29
  7.77
  0.36
  0.38
  1.32
  1.12
  0.37
  3.70
  1.37
  0.36
  1.59
  1.15
  1.45
  1.67
  0.47
  0.11
  1.10
  0.22
  2.54
  2.31
  6.78
  1.74
  0.37
  1.08
  0.40
  1.17
  5.21
  0.83
  1.10
  1.20
  0.55
  1.39
  2.88
  2.09
  1.38
  5.22
  1.49
  1.76
  2.95
  5.60
  3.14
  3.27
  0.61
  1.31
  1.07
  0.13
  3.15
  7.70
  1.34
  1.51
  0.56
  0.82
  0.29
  0.25
  4.02
  0.68
  1.04
  0.54
  1.10
  0.11
  2.53
  0.52
  0.31
  1.17
  1.21
  3.61
  0.80
  0.42
  1.14
  0.29
  0.13
  0.93
  0.67
  0.16
  0.50
  2.68
  0.56
  1.04
  2.90
  0.90
  0.29
  3.30
  3.16
  1.06
  1.83
  1.19
  0.46
  0.26
  0.31
  1.97
  3.63
  1.81
  0.64
  0.53
  0.44
  0.76
  1.18
  2.41
  1.07
  1.32
  4.83
  3.49
  1.04
  0.36
  2.58
  0.35
  0.66
  0.18
  1.84
  0.91
  0.31
  4.82
  1.73
  1.50
  1.83
  0.18
  0.34
  1.28
  1.28
  1.32
  1.63
  1.12
  1.87
  0.55
  0.24
  0.31
  0.90
  4.10
  0.19
  2.10
  0.71
  0.95
  3.83
  1.89
  0.88
  1.55
  0.70
  0.45
  2.68
  0.29
  0.77
  2.11
  2.88
  1.63
  0.65
  0.57
  0.78
  0.98
  0.37
  0.56
  0.49
  1.55
  2.28
  2.03
  0.69
  1.92
  6.29
  0.17
  0.90
  0.48
  2.46
  0.35
  1.11
  0.17
  3.12
  2.09
  0.91
  4.56
  0.14
  0.12
  0.91
  1.41
  1.62
  1.57
  1.19
  0.45
  0.12
  1.49
  1.68
  8.29
  0.43
  0.61
  1.42
  2.43
  0.13
  1.01
  2.57
  1.65
  6.00
  2.30
  1.88
  1.38
  0.53
  0.45
  1.42
  0.19
  0.37
  0.41
  0.23
  1.39
  1.06
  0.69
  0.83
  0.14
  1.58
  4.10
  1.20
  0.95
  2.06
  0.28
  3.27
  1.96
  0.69
  2.57
  0.51
  2.05
  1.94
  0.26
  0.64
  0.11
  1.03
  0.24
  1.28
  1.71
  1.08
  1.44
  1.12
  0.50
  0.34
  0.16
  5.24
  1.69
  0.82
  0.93
  7.77
  1.58
  1.01
  2.41
  0.89
  1.81
  0.30
  3.95
  0.18
  2.62
  1.95
  0.29
  1.11
  1.37
  2.78
  0.48
  0.19
  1.13
  0.67
  1.28
  1.56
  5.29
  0.96
  0.35
  0.79
  0.23
  0.12
  2.40
  0.59
  7.74
  0.58
  0.12
  2.16
  0.79
  2.14
  5.81
  3.29
  0.49
  0.97
  0.87
  1.69
  0.70
  1.06
  1.96
  1.48
  0.20
  1.57
  6.51
  0.36
  1.59
  1.50
  1.38
  0.89
  0.89
  0.57
  0.32
  4.11
  1.90
  1.21
  0.55
  1.75
  1.90
  0.29
  0.80
  2.85
  2.09
  0.13
  1.02
  0.15
  0.31
  0.94
  1.68
  0.40
  1.79
  2.80
  0.78
  1.45
  0.74
  0.13
  1.02
  2.63
  0.59
  2.31
  0.29
  1.45
  2.85
  1.01
  2.70
  4.05
  1.10
  0.69
  0.38
  1.16
  0.33
  0.25
  0.27
  0.39
  3.31
  1.92
  1.64
  0.17
  1.12
  0.17
  0.24
  0.29
  8.12
  0.11
  2.27
  4.03
  0.11
  1.02
  0.28
  0.24
  0.72
  1.19
  2.34
  1.15
  0.40
  0.62
  0.66
  0.20
  3.59
  0.94
  0.13
  0.89
  1.19
  0.17
  1.80
  0.55
  1.81
  1.63
  5.33
  3.13
  2.12
  1.88
  4.08
  0.90
  1.18
  0.13
  2.05
  0.34
  0.12
  2.59
  1.31
  1.33
  2.04
  1.70
  2.03
  2.80
  0.27
  1.14
  1.48
  4.14
  1.49
  0.57
  1.47
  0.18
  3.44
  0.92
  1.37
  0.44
  0.81
  2.26
  0.62
  0.35
  1.71
  0.11
  0.19
  1.30
  1.72
  2.58
  1.02
  1.61
  1.75
  0.45
  3.04
  2.55
  0.14
  1.48
  0.30
  1.18
  0.65
  2.83
  0.35
  0.44
  0.47
  0.33
  5.10
  4.14
  2.13
  2.06
  0.29
  1.15
  1.15
  2.41
  4.01
  0.10
  1.13
  0.47
  0.30
  1.11
  1.45
  0.49
  1.10
  1.73
  0.28
  1.76
  3.99
  2.74
  3.08
  3.74
  0.97
  3.24
  0.17
  2.28
  4.06
  0.90
  1.60
  2.76
  1.06
  1.15
  1.70
  1.95
  1.34
  1.04
  0.21
  1.61
  0.53
  0.61
  1.86
  1.20
  0.31
  0.24
  1.97
  0.13
  0.35
  3.34
  2.79
  1.82
  1.47
  0.40
  3.33
  0.46
  0.82
  0.26
  0.18
  1.36
  4.25
  3.10
  1.91
  2.28
  0.19
  0.14
  3.43
  0.20
  0.95
  0.65
  0.79
  0.60
  2.77
  0.20
  0.92
  0.30
  0.12
  0.87
  0.87
  4.17
  1.32
  5.41
  0.20
  0.89
  2.38
  0.19
  1.85
  5.10
  0.43
  0.11
  1.87
  0.89
  3.35
  0.62
  1.93
  1.79
  3.01
  0.53
  4.49
  3.83
  5.93
  0.31
  0.16
  1.11
  1.31
  0.10
  0.92
  1.70
  0.60
  9.68
  3.26
  0.57
  1.29
  3.05
  1.83
  0.59
  1.39
  0.17
  3.07
  0.64
  0.19
  1.56
  1.29
  1.32
  1.31
  0.26
  0.52
  3.49
  4.95
  1.17
  0.98
  0.86
  0.16
  0.37
  1.76
  1.15
  2.63
  1.48
  0.35
  1.72
  1.03
  0.99
  0.16
  1.59
  0.29
  1.08
  0.19
  1.14
  2.00
  0.43
  0.56
  0.87
  0.56
  0.55
  0.44
  2.68
  4.90
  2.07
  1.81
  2.23
  0.65
  1.37
  2.99
  0.72
  1.53
  0.11
  1.09
  0.68
  0.69
  2.41
  2.30
  4.27
  2.40
  1.63
  3.21
  5.72
  4.18
  0.13
  3.38
  5.98
  1.27
  2.27
  0.22
  8.69
  2.01
  2.32
  3.57
  0.52
  0.56
  4.29
  1.31
  4.64
  0.58
  1.84
  1.63
  0.52
 11.73
  0.51
  0.81
  0.27
  0.16
  3.01
  5.95
  6.18
  0.85
  5.75
  1.87
  0.80
  0.63
  2.09
  0.66
  0.16
  0.33
  0.46
  0.56
  0.27
  1.34
  0.68
  2.41
  0.30
  2.84
  1.72
  4.52
  0.32
  1.87
  1.43
  0.12
  0.79
  2.37
  1.18
  0.90
  1.19
  1.04
  4.22
  0.31
  0.69
  0.30
  1.21
  1.50
  2.70
  0.99
  0.71
  0.89
  0.34
  0.23
  0.40
  0.28
  3.24
  0.32
  5.79
  0.56
  1.01
  0.16
  1.45
  2.71
  1.77
  0.92
  3.05
  6.46
  0.26
  1.18
  1.41
  0.93
  2.33
  4.97
  0.94
  3.36
  0.80
  1.11
  3.77
  0.43
  0.18
  0.26
  0.95
  0.12
  2.68
  2.16
  3.34
  9.11
  1.39
  0.36
  3.43
  4.11
  0.62
  2.35
  3.04
  0.48
  2.44
  1.96
  1.08
  0.13
  2.98
  0.66
  2.02
  0.57
  0.88
  2.60
  2.30
  3.73
  0.15
  1.48
  0.18
  1.24
  0.83
  1.16
  1.10
  0.68
  1.43
  0.38
  0.48
  0.48
  2.07
  0.30
  0.12
  0.72
  0.91
  0.70
  0.99
  1.06
  1.69
  5.91
  1.44
  2.71
  0.40
  0.44
  0.37
  3.65
  0.90
  0.65
  0.46
  2.82
  3.04
  1.36
  2.31
  0.13
  0.86
  0.69
  0.97
  0.25
  3.96
  0.11
  0.44
  0.11
  2.50
  3.48
  2.73
  0.18
  5.00
  1.34
  1.68
  2.61
  1.47
  0.36
  0.17
  0.13
  4.05
  1.18
  1.10
  1.85
  1.88
  0.78
  5.69
  0.83
  0.64
  0.48
  4.47
  0.31
  0.78
  1.69
  1.76
  0.79
  0.76
  1.24
  0.19
  0.67
  1.04
  1.84
  3.01
  2.11
  1.35
  0.91
  1.86
  1.36
  0.70
  1.33
  0.53
  0.12
  2.13
  0.75
  0.64
  0.60
  1.33
  1.11
  0.41
  2.84
  2.28
  0.64
  0.39
  0.27
  2.58
  0.11
  0.77
  0.45
  1.09
  0.32
  0.42
  0.12
  0.28
  5.70
  4.01
  0.36
  4.21
  0.48
  1.56
  0.60
  0.19
  0.31
  0.19
  1.18
  0.68
  1.15
  1.21
  1.53
  1.74
  0.41
  8.17
  0.42
  3.02
  1.48
  5.17
  0.12
  2.33
  0.14
  0.60
  0.93
  0.36
  2.77
  0.45
  0.44
  2.88
  0.17
  3.37
  3.63
  0.45
  1.35
  1.50
  1.86
  0.71
  1.74
  1.36
  1.66
  0.87
  1.38
  2.91
  1.60
  1.29
  1.33
  0.76
  9.26
  2.49
  0.51
  0.46
  1.03
  0.15
  1.06
  0.44
  2.54
  1.43
  0.60
  0.12
  1.11
  1.21
  1.89
  1.06
  1.23
  0.47
  4.48
  1.03
  1.37
  0.47
  0.41
  2.07
  0.38
  0.50
  0.36
  5.14
  0.70
  3.21
  0.15
  0.98
  7.44
  3.83
  1.24
  0.10
  2.65
  5.54
  1.01
  0.31
  0.61
  0.47
  3.15
  1.30
  1.87
  1.49
  0.63
  1.13
  1.13
  2.93
  0.58
  2.25
  0.20
  0.89
  0.27
  1.28
  0.83
  0.17
  0.74
  1.57
  0.20
  0.63
  2.14
  3.19
  1.17
  0.35
  0.15
  1.54
  0.29
  2.05
  3.89
  0.61
  0.15
  3.48
  0.97
  1.70
  1.57
  3.17
  0.24
  1.38
  1.22
  0.20
  1.85
  1.83
  1.60
  2.42
  0.57
  0.60
  1.32
  2.46
  1.51
  4.15
  3.94
  0.12
  0.98
  0.89
  1.76
  2.34
  0.89
  1.41
  0.62
  2.01
  1.05
  2.84
  1.93
  0.43
  4.99
  2.16
  0.71
  0.24
  0.44
  0.91
  0.69
  3.88
  2.30
  1.34
  2.74
  1.53
  1.83
  0.89
  0.19
  0.55
  4.36
  0.16
  1.13
  2.16
  1.74
  0.86
  0.99
  2.82
  2.46
  0.94
  0.57
  0.89
  0.64
  4.81
  1.53
  1.41
  0.94
  4.70
  0.16
  0.70
  3.00
  0.49
  0.14
  1.60
  3.32
  0.34
  1.27
  0.67
  6.53
  0.11
  1.24
  1.42
  3.44
  0.31
  3.63
  2.16
  0.16
  0.17
  0.54
  1.74
  0.26
  3.29
  2.89
  0.18
  1.04
  1.93
  1.21
  0.60
  5.74
  0.41
  0.27
  0.87
  0.11
  1.35
  0.10
  0.12
  1.87
  1.31
  2.19
  1.95
  2.34
  2.58
  1.28
  0.45
  4.53
  1.14
  1.08
  0.68
  0.20
  1.17
  0.32
  2.25
  2.24
  1.61
  0.50
  5.36
  1.49
  1.03
  0.44
  5.23
  1.00
  1.16
  4.88
  1.30
  1.65
  0.73
  1.21
  3.73
  1.34
  2.47
  4.15
  1.81
  1.80
  2.01
  0.45
  0.31
  0.99
  0.86
  1.08
  0.26
  4.59
  0.18
  2.50
  0.52
  2.06
  0.90
  1.01
  0.66
  0.57
  0.78
  2.34
  1.16
  0.97
  0.16
  2.07
  3.60
  3.19
  2.40
  3.38
  1.12
  0.27
  1.71
  1.74
  0.30
  0.64
  0.46
  4.52
  3.27
  2.80
  2.92
  1.03
  0.11
  0.53
  0.20
  1.25
  2.02
  2.51
  3.30
  6.02
  4.12
  0.44
  2.39
  4.91
  0.44
  1.02
  0.41
  2.89
  4.11
  0.79
  2.08
  1.85
  1.77
  4.57
  0.84
  8.76
  1.19
  1.67
  0.34
  1.27
  3.05
  1.88
  0.47
  0.50
  0.13
  0.61
  2.77
  2.73
  0.86
  0.14
  0.10
  3.27
  1.18
  3.29
  0.26
  1.94
  1.55
  2.67
  0.76
  1.55
  2.82
  0.17
  1.85
  3.40
  1.32
  0.17
  0.12
  0.12
  1.62
  0.51
  0.88
  0.69
  0.15
  0.93
  1.29
  2.68
  1.13
  5.55
  0.69
  1.86
  4.36
  1.28
  6.25
  1.59
  0.81
  4.03
  6.55
  0.14
  1.49
  6.25
  2.90
  0.11
  0.14
  1.31
  1.19
  1.84
  2.45
  1.12
  0.72
  1.98
  0.92
  0.28
  0.64
  1.35
  0.22
  0.87
  1.38
  1.21
  0.57
  0.19
  1.81
  0.14
  0.33
  3.59
  0.37
  0.50
  0.42
  1.29
  0.27
  0.37
  2.47
  2.92
  0.17
  1.35
  1.02
  1.12
  2.08
  0.18
  1.69
  8.10
  1.13
  0.35
  1.44
  0.16
  0.17
  0.12
  1.11
  3.61
  3.21
  0.27
  2.49
  0.30
  0.72
  0.92
  2.87
  0.34
  0.35
  3.69
  1.07
  1.12
  1.64
  1.94
  0.33
  1.89
  2.57
  3.23
  0.38
  2.50
  0.72
  0.49
  0.51
  1.64
  3.71
  0.80
  1.02
  1.24
  1.86
  1.98
  0.13
  0.30
  1.57
  4.61
  3.52
  1.37
  0.38
  0.16
  0.16
  4.31
  1.36
  0.93
  0.13
  0.70
  1.72
  0.55
  2.40
  3.97
  1.87
  2.60
  0.75
  0.13
  0.89
  0.47
  1.10
  1.26
  1.42
  0.83
  0.56
  0.54
  1.58
  0.65
  0.14
  0.63
  1.34
  0.42
  0.60
  0.39
  3.46
  1.30
  0.41
  0.78
  5.03
  0.12
  1.79
  0.36
  2.25
  4.83
  3.51
  0.80
  1.06
  1.11
  2.71
  0.70
  4.38
  0.10
  3.89
  0.84
  0.26
  0.97
  0.16
  0.40
  0.34
  1.91
  0.37
  2.16
  2.01
  0.20
  0.13
  0.47
  0.90
  1.79
  2.60
  0.14
  6.55
  0.57
  6.76
  6.24
  2.67
  2.90
  1.21
  0.34
  2.69
  1.78
  1.27
  0.82
  1.18
  0.73
  0.12
  4.05
  0.46
  3.52
  0.78
  0.78
  0.19
  1.02
  0.32
  0.16
  0.11
  1.56
  0.92
  0.95
  3.33
  1.02
  0.35
  2.54
  1.09
  1.61
  0.14
  1.77
  4.18
  1.39
  2.09
  2.05
  2.30
  0.30
  0.16
  1.69
  1.65
  1.36
  0.12
  2.17
  0.42
  2.80
  1.13
  1.33
  0.37
  1.69
  0.41
  1.27
  0.89
  0.81
  0.97
  0.57
  0.36
  0.99
  1.19
  2.40
  0.28
  2.03
  0.34
  0.29
  0.74
  3.57
  0.63
  1.33
  0.10
  0.43
  1.81
  1.25
  0.46
  0.94
  1.42
  9.36
  1.06
  0.24
  4.27
  0.33
  2.52
  0.35
  1.84
  0.16
  0.94
  0.59
  1.68
  1.85
  1.95
  1.24
  1.34
  1.53
  0.54
  0.28
  0.14
  6.04
  0.78
  8.85
  0.97
  0.46
  0.19
  0.61
  1.79
  3.81
  1.73
  3.06
  6.14
  4.04
  2.13
  0.56
  0.10
  0.23
  0.38
  0.48
  1.77
  0.79
  0.10
  2.99
  5.63
  0.56
  0.48
  0.87
  1.06
  3.12
  1.42
  0.56
  2.20
  0.78
  0.79
  2.83
  0.68
  1.20
  0.74
  0.83
  0.85
  0.74
  0.65
  3.09
  0.12
  0.80
  2.39
  2.32
  1.55
  0.94
  0.77
  1.56
  0.89
  0.21
  2.36
  0.18
  1.26
  0.65
  4.66
  1.32
  0.34
  0.86
  4.34
  0.72
  0.99
  4.85
  0.17
  0.71
  1.50
  0.76
  3.07
  1.64
  1.01
  1.22
  0.72
  1.90
  1.81
  0.36
  0.60
  1.12
  0.52
  0.10
  1.11
  1.96
  0.55
  1.78
  0.72
  1.97
  0.80
  0.65
  0.28
  1.50
  0.51
  0.68
  2.84
  2.09
  2.33
  1.83
  0.72
  0.89
  0.84
  2.54
  0.48
  0.31
  4.15
  0.95
  3.12
  1.58
  0.55
  0.27
  0.19
  0.45
  0.88
  0.40
  0.43
  0.34
  0.60
  1.19
  0.63
  0.54
  0.15
  0.11
  1.03
  0.19
  0.14
  1.18
  0.18
  0.57
  3.19
  0.48
  0.11
  3.19
  0.89
  0.72
  0.18
  0.41
  0.29
  0.88
  0.47
  1.76
  0.18
  0.17
  2.80
  0.43
  0.38
  0.80
  0.40
  2.07
  2.09
  2.85
  0.16
  2.08
  0.52
  1.29
  4.89
  0.31
  0.27
  1.42
  0.25
  0.84
  1.00
  4.14
  1.10
  2.84
  1.19
  0.47
  0.88
  0.67
  7.64
  0.45
  1.00
  0.76
  2.52
  1.04
  6.96
  1.57
  7.75
  0.51
  1.77
  8.46
  2.91
  0.29
  0.59
  0.16
  0.20
  1.22
  0.38
  0.83
  1.37
  1.73
  0.93
  0.29
  2.83
  0.17
  2.32
  4.30
  1.22
  1.35
  2.95
  0.88
  0.10
  0.17
  0.74
  1.18
  2.56
  0.45
  2.55
  0.14
  1.29
  2.51
  0.20
  2.44
  1.06
  0.43
  2.48
  3.00
  6.16
  0.65
  0.33
 10.12
  0.27
  2.95
  0.20
  1.46
  3.91
  0.24
  4.67
  0.85
  0.63
  1.39
  0.55
  0.37
  1.30
  0.49
  0.93
  0.73
  1.53
  2.92
  0.22
  7.40
  5.48
  1.99
  0.34
  0.91
  0.29
  0.92
  2.25
  0.12
  2.62
  1.78
  6.24
  2.75
  0.16
  0.37
  1.08
  0.34
  0.98
  1.79
  0.61
  1.15
  1.56
  0.19
  2.32
  2.00
  0.27
  0.65
  0.45
  0.28
  0.76
  1.32
  0.62
  0.97
  2.92
  0.60
  2.92
  1.15
  1.27
  0.48
  0.85
  0.19
  0.50
  3.20
  2.67
  1.78
  0.27
  0.13
  1.34
  2.59
  1.31
  0.13
  2.25
  2.57
  0.50
  5.89
  0.99
  0.37
  0.11
  5.66
  1.68
  0.98
  0.68
  0.50
  0.25
  1.70
  0.88
  2.37
  0.35
  0.57
  0.29
  3.06
  0.13
  0.34
  5.94
  0.28
  1.18
  2.91
  1.20
  0.16
  2.01
  0.53
  0.54
  3.63
  0.49
  0.19
  6.71
  0.76
  3.91
  0.92
  0.89
  0.53
  0.19
  0.53
  1.59
  1.44
  1.78
  0.53
  2.19
  0.53
  0.53
  3.20
  2.21
  1.57
  0.31
  2.89
  0.45
  0.18
  3.27
  7.42
  0.15
  0.66
  2.60
  0.81
  1.16
  1.44
  1.58
  1.14
  6.24
  0.96
  1.56
  0.34
  1.46
  0.34
  2.57
  1.42
  1.08
  0.46
  0.39
  0.96
  5.01
  0.94
  5.35
  0.79
  0.16
  1.24
  0.73
  0.11
  1.63
  3.81
  3.57
  1.49
  0.66
  2.86
  1.53
  3.12
  3.75
  4.51
  1.64
  0.81
  1.98
  1.17
  1.32
  6.20
  1.15
  0.16
  1.57
  0.26
  3.83
  0.27
  0.51
  1.64
  0.78
  0.45
  2.53
  1.02
  0.72
  0.45
  0.26
  0.11
  0.68
  0.13
  2.94
 14.38
  0.49
  0.99
  1.17
  2.35
  2.75
  8.53
  0.10
  2.40
  1.07
  0.36
  0.14
  0.70
  0.55
  1.38
  0.18
  0.30
  0.51
  0.87
  4.23
  0.39
  2.39
  1.46
  0.49
  0.39
  0.71
  0.50
  1.63
  0.64
  1.84
  0.62
  0.71
  1.61
  1.71
  2.77
  0.65
  1.43
  2.19
  1.86
  4.84
  0.87
  1.81
  0.90
  4.65
  2.81
  0.14
  1.82
  1.44
  0.58
  1.71
  0.52
  0.86
  0.75
  0.75
  0.52
  2.98
  1.05
  1.05
  0.14
  0.34
  1.59
  0.45
  4.46
  0.66
  7.56
  0.80
  4.82
  0.99
  1.63
  0.62
  0.36
  0.54
  0.85
  0.13
  9.40
  2.46
  5.01
  2.55
  2.72
  0.15
  4.75
  1.65
  0.35
  3.84
  0.57
  3.22
  0.24
  1.32
  0.85
  0.18
  2.49
  1.04
  1.52
  3.01
  0.33
  0.47
  1.28
  0.25
  1.23
  0.53
  0.17
  1.38
  0.35
  5.74
  2.77
  0.26
  0.19
  0.37
  0.62
  1.17
  0.31
  0.70
  0.16
  0.85
  1.05
  0.80
  0.38
  1.33
  0.11
  3.42
  0.31
  2.27
  3.62
  1.29
  0.66
  2.99
  3.08
  0.65
  1.78
  3.46
  4.61
  1.59
  1.02
  0.48
  1.15
  0.11
  1.05
  1.25
  1.60
  0.61
  1.34
  2.92
  0.51
  1.83
  3.86
  0.38
  2.35
  2.31
  0.58
  0.16
  0.62
  1.39
  2.41
  0.78
  0.18
  4.20
  1.94
  0.47
  0.76
  1.14
  0.55
  6.67
  1.83
  0.18
  0.23
  2.47
  0.81
  1.82
  0.11
  2.14
  2.20
  2.49
  0.17
  1.96
  0.63
  2.91
  1.93
  5.18
  0.13
  0.82
  1.74
  1.86
  1.34
  1.27
  1.49
  0.15
  0.39
  1.53
  4.43
  1.34
  0.29
  0.38
  0.47
  0.95
  0.25
  0.38
  0.44
  4.26
  0.74
  0.82
  0.35
  1.26
  4.95
  1.14
  0.86
  1.45
  1.85
  0.88
  0.90
  1.75
  0.33
  1.32
  0.14
  0.65
  3.93
  0.47
  6.90
  0.88
  1.18
  3.43
  0.18
  0.57
  0.64
  0.35
  1.89
  0.16
  0.40
  1.01
  0.33
  2.28
  0.52
  0.55
  6.54
  3.67
  4.65
  0.39
  0.29
  0.95
  1.53
  1.52
  0.26
  1.75
  0.78
  0.12
  0.43
  0.17
  0.74
  1.91
  3.22
  1.37
  0.86
  3.56
  1.25
  0.98
  0.80
  0.13
  0.27
  3.71
  5.28
  0.16
  0.66
  2.92
  1.25
  0.17
  1.61
  0.83
  1.84
  0.28
  0.48
  0.85
  0.47
  2.77
  0.41
  0.18
  2.27
  1.86
  3.32
  0.75
  0.88
  1.00
  1.30
  2.72
  1.24
  0.17
  1.13
  0.41
  2.63
  3.81
  3.62
  0.33
  2.35
  1.26
  0.98
  4.09
  1.04
  0.18
  3.15
  1.40
  0.19
  3.64
  0.75
  4.40
  0.66
  0.88
  0.35
  0.69
  2.35
  4.61
  0.90
  0.62
  2.26
  0.15
  2.68
  1.50
  0.17
  0.32
  1.96
  0.34
  1.04
  2.79
  0.14
  0.72
  2.43
  0.13
  3.95
  3.05
  0.20
  0.49
  0.99
  2.59
  0.80
  1.57
  0.16
  0.84
  1.00
  0.41
  0.17
  1.36
  1.44
  2.21
  0.19
  0.27
  0.81
  1.38
  0.35
  0.71
  1.44
  1.33
  1.69
  3.86
  0.73
  0.66
  1.59
  0.29
  0.77
  0.98
  0.10
  1.71
  1.58
  3.52
  1.04
  3.07
  0.99
  0.16
  1.79
  3.85
  0.18
  0.55
  3.55
  0.31
  0.18
  1.76
  0.13
  0.18
  0.68
  0.13
  1.65
  6.52
  0.52
  0.16
  0.41
  6.68
  4.78
  1.66
  1.32
  0.61
  0.30
  0.22
  2.38
  0.98
  2.28
  0.33
  3.08
  0.66
  0.57
  0.94
  0.87
  3.15
  3.48
  1.63
  0.31
  2.30
  0.64
  0.13
  0.45
  4.94
  1.17
  0.13
  1.21
  4.69
  0.27
  6.03
  3.59
  0.47
  0.78
  4.74
  2.82
  0.72
  0.27
  0.58
  1.57
  0.15
  1.65
  2.86
  0.92
  2.11
  0.50
  2.52
  1.70
  2.22
  2.56
  0.63
  1.26
  0.87
  3.21
  0.31
  0.10
  0.39
  0.69
  0.28
  0.22
  0.16
  0.23
  4.13
  0.89
  4.28
  2.40
  3.53
  0.50
  0.49
  0.21
  0.64
  4.51
  0.80
  0.28
  1.10
  0.71
  0.94
  1.28
  0.54
  4.24
  1.52
  1.15
  0.44
  3.58
  4.71
  0.79
  0.68
  6.71
  0.67
  3.72
  1.86
  0.33
  0.45
  3.22
  2.59
  1.12
  0.82
  0.81
  2.54
  0.69
  5.00
  2.65
  0.30
  3.09
  1.94
  1.70
  1.47
  0.11
  1.23
  0.32
  1.77
  0.19
  3.29
  0.13
  0.19
  0.27
  4.02
  3.27
  0.92
  0.12
  1.61
  2.68
  3.79
  2.43
  3.69
  1.07
  4.40
  0.66
  3.05
  0.30
  0.83
  2.74
  0.22
  4.41
  1.12
  0.60
  0.89
  1.30
  0.43
  0.64
  2.25
  1.17
  0.61
  1.34
  2.07
  5.04
  0.34
  1.89
  1.62
  0.30
  2.87
  1.02
  0.27
  3.14
  1.33
  0.33
  0.57
  1.64
  4.32
  1.05
  0.28
  0.57
  2.08
  0.14
  1.13
  3.06
  0.82
  1.35
  0.15
  1.07
  1.30
  1.06
  0.47
  0.71
  0.12
  0.28
  1.51
  1.04
  1.42
  1.92
  6.89
  0.86
  0.92
  2.93
  0.31
  0.44
  1.42
  0.54
  1.37
  1.00
  3.06
  0.96
  4.30
  2.70
  0.14
  3.17
  1.11
  5.69
  0.70
  0.86
  0.99
  2.89
  0.94
  1.01
  0.48
  0.79
  4.44
  1.39
  5.25
  1.84
  0.17
  0.10
  4.13
  2.04
  1.50
  0.72
  1.47
  0.60
  2.21
  3.54
  0.17
  0.63
  0.28
  0.97
  0.54
  0.86
  0.85
  2.64
  1.85
  1.73
  0.96
  0.85
  0.18
  2.58
  0.44
  1.02
  1.58
  0.28
  2.62
  0.52
  1.46
  3.47
  2.45
  5.13
  1.48
  4.42
  0.19
  1.42
  0.96
  0.28
  0.94
  2.20
  0.51
  0.29
  0.16
  1.32
  0.53
  1.69
  1.90
  0.77
  0.43
  0.49
  2.71
  1.17
  0.73
  0.78
  1.17
  2.66
  2.95
  6.41
  3.13
  2.29
  0.36
  0.24
  1.47
  2.69
  6.05
  1.11
  0.24
  1.82
  3.22
  0.47
  1.06
  0.14
  1.85
  3.18
  0.75
  0.78
  0.48
  4.55
  0.60
  0.17
  1.72
  0.15
  0.78
  0.15
  0.82
  1.52
  1.89
  1.39
  1.80
  1.17
  0.28
  1.73
  4.50
  0.39
  1.94
  1.25
  2.11
  2.85
  0.66
  0.44
  1.85
  1.41
  1.20
  0.43
  0.43
  4.17
  2.08
  0.31
  4.86
  2.98
  1.10
  1.32
  3.09
  2.95
  4.28
  0.89
  1.10
  3.09
  2.22
  0.58
  3.19
  0.89
  0.70
  1.90
  0.97
  1.54
  2.73
  0.66
  0.23
  2.79
  0.70
  0.94
  0.27
  0.79
  1.33
  2.94
  0.48
  3.90
  0.20
  0.26
  3.80
  2.51
  0.18
  4.96
  0.10
  1.51
  0.79
  0.84
  0.64
  0.41
  0.45
  0.38
  1.00
  0.47
  0.12
  0.73
  0.44
  1.26
  2.26
  0.28
  0.24
 10.27
  0.58
  0.10
  1.83
  3.62
  2.07
  3.46
  0.58
  2.04
  0.28
  1.58
  1.30
  0.98
  0.47
  1.61
  1.16
  0.66
  1.51
  1.58
  3.05
  0.33
  1.65
  1.88
  0.28
  1.40
  1.34
  3.40
  4.53
  0.91
  3.31
  1.39
  0.64
  0.37
  1.35
  5.79
  0.99
  0.26
  1.11
  1.05
  0.55
  1.49
  0.21
  1.85
  1.58
  0.94
  0.82
  1.49
  1.01
  1.69
  0.90
  1.00
  0.40
  5.01
  0.14
  0.24
  0.98
  0.44
  3.69
  0.18
  2.76
  0.56
  1.22
  2.10
  2.27
  3.48
  2.88
  0.83
  3.03
  3.32
  1.41
  0.88
  2.54
  2.15
  0.66
  0.56
  0.82
  0.40
  2.68
  0.12
  0.96
  2.72
  1.97
  2.36
  0.35
  2.25
  0.16
  0.17
  0.17
  0.27
  2.00
  2.06
  2.28
  7.16
  1.60
  0.27
  0.49
  1.00
  4.53
  0.75
  1.31
  2.42
  0.58
  1.21
  0.26
  0.82
  2.06
  0.13
  0.88
  6.12
  0.59
  0.57
  2.08
  1.87
  3.12
  0.19
  2.04
  0.77
  1.59
  0.60
  0.42
  0.90
  4.22
  1.08
  0.13
  2.18
  2.58
  0.58
  5.53
  2.32
  0.48
  2.15
  0.60
  2.16
  8.36
  3.20
  0.47
  1.74
  2.16
  0.87
  2.40
  1.83
  0.48
  0.30
  2.48
  0.30
  0.78
  1.16
  0.50
  1.86
  1.67
  1.77
  0.15
  1.30
  2.86
  5.74
  0.18
  0.54
  0.98
  0.42
  0.13
  0.53
  2.98
  1.85
  0.26
  4.84
  0.33
  1.20
  0.56
  5.07
  2.41
  0.92
  0.54
  2.18
  1.27
  0.42
  0.34
  4.10
  1.26
  2.03
  0.94
  4.15
  0.14
  0.29
  0.94
  0.47
  0.44
  0.63
  1.21
  1.07
  9.60
  3.27
  6.16
  1.47
  2.03
  1.45
  0.19
  0.16
  1.11
  2.10
  1.14
  0.14
  5.42
  0.96
  0.34
  0.42
  0.88
  0.62
  2.79
  0.34
  0.13
  0.86
  3.34
  0.26
  0.60
  0.11
  6.43
  0.67
  0.94
  0.38
  0.84
  0.91
  1.46
  0.46
  0.54
  1.07
  1.32
  2.90
  3.10
  6.10
  0.27
  0.11
  0.56
  0.52
  1.36
  0.55
  1.72
  0.11
  0.88
  0.14
  0.80
  0.34
  0.52
  0.57
  0.54
  5.07
  0.66
  0.81
  6.22
  1.20
  3.81
  0.17
  0.60
  0.31
  1.38
  1.55
  0.30
  1.84
  0.34
  4.18
  1.89
  1.25
  1.32
  2.66
  5.57
  0.50
  1.44
  0.41
  1.60
  1.52
  2.31
  0.26
  0.77
  2.32
  4.16
  4.42
  0.39
  2.71
  0.64
  1.62
  2.48
  1.86
  3.16
  1.93
  2.29
  0.32
  1.49
  0.60
  0.29
  1.09
  0.92
  2.20
  0.33
  0.70
  1.67
  1.97
  1.42
  1.13
  2.02
  1.82
  2.43
  2.71
  0.95
  0.79
  1.53
  0.74
  0.17
  0.95
  0.27
  0.50
  0.38
  1.24
  0.45
  4.49
  1.61
  0.34
  0.17
  0.47
  4.59
  0.84
  3.69
  0.56
  1.32
  0.11
  0.86
  2.31
  0.37
  0.85
  0.45
  0.62
  7.57
  2.17
  0.51
  2.73
  4.25
  0.11
  0.30
  0.13
  1.36
  3.90
  6.17
  0.30
  0.12
  1.67
  0.26
  2.36
  0.37
  4.39
  2.43
  0.26
  2.01
  3.29
  0.97
  0.27
  1.91
  1.08
  0.43
  1.81
  0.62
  1.02
  1.82
  1.61
  0.20
  1.34
  0.29
  1.55
  2.36
  1.22
  0.87
  1.02
  0.46
  1.26
  0.17
  1.75
  0.37
  0.83
  0.30
  3.69
  0.49
  4.37
  0.35
  0.57
  1.06
  0.19
  4.19
  6.10
  0.59
  0.80
  3.62
  0.26
  1.92
  5.43
  2.79
  2.37
  0.12
  4.85
  0.54
  0.46
  0.66
  0.56
  0.13
  0.19
  4.05
  1.62
  0.50
  4.20
  0.30
  3.08
  2.79
  3.99
  0.45
  1.18
  2.78
  0.44
  0.52
  4.58
  0.48
  0.28
  1.49
  0.47
  7.23
  2.40
  0.76
  0.37
  0.75
  0.30
  0.33
  0.47
  1.31
  0.74
  1.10
  0.17
  1.49
  0.45
  0.66
  0.85
  0.31
  0.89
  1.90
  1.43
  2.10
  1.78
  4.73
  1.44
  2.48
  0.53
  1.42
  0.96
  0.30
  0.75
  0.76
  0.70
  2.27
  1.39
  1.10
  0.29
  0.44
  1.27
  5.88
  1.01
  1.79
  4.32
  0.39
  2.75
  1.16
  1.04
  0.71
  0.18
  0.45
  1.31
  0.17
  4.35
  0.35
  1.69
  0.16
  0.19
  2.39
  1.97
  2.18
  0.46
  1.69
  0.86
  1.97
  2.72
  0.70
  0.45
  3.29
  1.83
  1.19
  0.44
  0.27
  1.87
  0.17
  0.94
  2.96
  0.88
  1.70
  1.51
  3.44
  0.81
  2.45
  0.63
  0.97
  0.69
  0.96
  1.29
  0.34
  5.81
  0.56
  1.09
  9.54
  1.14
  0.64
  3.29
  0.57
  0.27
  1.29
  0.37
  0.60
  1.83
  0.16
  0.17
  1.93
  0.24
  1.43
  0.68
  0.19
  0.95
  3.03
  0.90
  2.07
  0.72
  0.96
  2.41
  0.47
  1.89
  1.45
  0.47
  2.31
  1.31
  1.07
  1.24
  2.09
  2.22
  0.60
  0.29
  0.29
  2.13
  2.96
  1.26
  1.70
  2.29
  0.12
  3.58
  2.14
  0.42
  0.91
  2.12
  0.58
  1.91
  1.42
  0.25
  0.73
  0.34
  0.85
  3.28
  0.16
  1.01
  0.67
  3.08
  2.56
  0.20
  1.38
  2.08
  0.42
  1.02
  2.91
  6.04
  1.80
  0.45
  0.83
  1.68
  2.32
  2.20
  2.33
  1.17
  0.93
  1.18
  0.50
  0.71
  0.16
  1.43
  0.52
  3.26
  1.93
  1.85
  2.89
  0.93
  1.94
  0.48
  0.32
  1.20
  3.97
  1.00
  0.15
  1.62
  0.80
  1.91
  3.31
  0.93
  1.46
  0.44
  4.06
  0.33
  0.68
  0.48
  0.64
  0.26
  1.96
  0.29
  1.38
  9.94
  0.79
  0.12
  0.30
  2.26
  2.49
  3.78
  2.00
  1.86
  0.79
  0.39
  0.52
  0.27
  3.85
  4.17
  0.72
  0.37
  0.80
  0.49
  0.67
  4.08
  2.68
  0.83
  0.37
  1.04
  0.82
  7.73
  1.34
  0.59
  3.45
  0.16
  0.98
  1.38
  1.75
  1.15
  0.58
  0.61
  3.03
  1.71
  0.95
  0.96
  0.14
  0.27
  0.62
  0.39
  2.15
  0.79
  0.12
  1.86
  0.58
  0.94
  1.19
  0.19
  3.63
  0.65
  0.81
  2.02
  2.15
  0.52
  0.51
  2.58
  2.01
  0.29
  1.21
  1.50
  4.39
  0.20
  0.71
  4.42
  1.77
  2.34
  0.20
  2.63
  0.36
  0.58
  1.86
  0.87
  2.58
  1.37
  1.33
  0.43
  0.33
  0.36
  1.27
  0.66
  1.38
  0.92
  1.00
  0.12
  4.30
  2.13
  0.71
  0.77
  2.05
  2.39
  1.25
  1.05
  1.13
  2.95
  0.36
  0.14
  3.13
  0.18
  1.42
  0.33
  1.23
  1.24
  2.56
  2.13
  3.76
  0.11
  0.24
  0.14
  0.87
  0.88
  1.44
  0.17
  1.98
  4.66
  1.03
  1.15
  0.83
  2.01
  3.41
  1.28
  5.67
  2.21
  1.19
  1.19
  1.67
  0.33
  2.44
  0.65
  2.48
  0.52
  1.86
  0.31
  2.25
  2.99
  3.02
  0.33
  5.89
  0.47
  4.57
  0.42
  0.91
  0.71
  1.63
  0.78
  0.50
  2.22
  1.44
  0.34
  0.19
  2.64
  0.92
  0.95
  1.94
  1.98
  4.05
  1.17
  0.68
  1.83
  0.67
  1.33
  1.08
  2.96
  3.38
  1.64
  2.41
  0.15
  0.92
  1.43
  0.29
  0.91
  4.56
  0.63
  0.79
  2.20
  3.02
  2.16
  1.00
  0.54
  1.25
  1.82
  0.58
  1.24
  2.48
  2.53
  1.32
  1.56
  2.72
  2.99
  1.63
  1.08
  1.93
  0.58
  2.05
  2.35
  0.52
  0.67
  3.99
  0.92
  1.49
  2.02
  1.90
  2.91
  0.14
  0.55
  0.28
  1.89
  0.11
  0.83
  2.26
  0.50
  0.27
  0.63
  2.23
  4.83
  1.30
  0.74
  3.75
  0.48
  0.17
  0.20
  0.11
  0.58
  0.79
  2.63
  0.89
  2.54
  4.51
  4.21
  1.26
  3.23
  0.17
  0.34
  2.16
  1.73
  1.31
  1.37
  0.15
  1.19
  0.71
  1.63
  0.33
  0.30
  2.21
  1.90
  0.94
  0.77
  1.07
  0.43
  3.19
  1.44
  0.11
  1.75
  0.53
  2.43
  0.93
  1.41
  0.13
  0.25
  1.78
  2.93
  1.48
  2.86
  1.15
  1.29
  0.16
  6.99
  1.21
  0.35
  0.40
  2.06
  2.99
  0.69
  2.29
  1.77
  0.77
  0.23
  1.14
  0.19
  1.81
  0.49
  2.05
  1.28
  2.44
  1.01
  0.74
  1.58
  0.84
  3.92
  0.61
  2.32
  0.28
  1.07
  4.61
  1.02
  0.51
  1.98
  3.44
  4.63
  0.85
  0.80
  0.70
  2.37
  1.00
  8.56
  1.96
  1.59
  0.14
  1.57
  2.65
  0.62
  0.45
  7.75
  0.51
  0.14
  1.21
  0.19
  0.33
  0.50
  1.28
  0.95
  0.69
  0.90
  0.27
  2.49
  1.02
  2.84
  1.57
  0.46
  0.19
  2.30
  4.03
  1.96
  0.85
  1.83
  0.63
  4.10
  0.46
  1.34
  0.56
  0.26
  2.57
  0.42
  1.35
  0.71
  1.63
  1.76
  2.83
  1.15
  0.60
  0.33
  0.77
  0.57
  0.14
  0.11
  0.80
  2.85
  1.46
  0.22
  0.79
  1.57
  2.77
  4.63
  2.24
  0.27
  0.14
  2.90
  0.25
  0.58
  2.20
  1.61
  0.15
  0.79
  1.93
  1.81
  1.07
  0.59
  0.91
  1.93
  4.39
  2.10
  2.72
  2.94
  2.87
  0.10
  0.74
  0.54
  0.67
  3.48
  1.26
  1.11
  0.41
  0.67
  0.87
  4.17
  1.36
  0.81
  2.11
  1.15
  1.04
  1.24
  1.60
  3.30
  1.28
  1.26
  1.55
  0.14
  1.43
  2.79
  2.00
  1.64
  0.33
  0.19
  0.29
  2.53
  1.25
  0.26
  1.06
  0.76
  2.47
  0.33
  1.96
  1.29
  0.13
  3.54
  1.06
  3.04
  1.36
  1.22
  0.52
  0.75
  0.75
  0.25
  0.43
  0.17
  1.34
  0.39
  0.11
  0.95
  2.68
  4.23
  0.31
  0.18
  0.41
  3.20
  0.15
  1.03
  0.62
  1.39
  0.17
  0.82
  2.55
  1.17
  1.39
  0.41
  1.24
  1.66
  0.57
  1.63
  2.03
  1.76
  2.49
  1.73
  0.29
  2.13
  0.95
  1.26
  0.36
  0.63
  0.77
  0.40
  4.26
  0.61
  0.28
  0.31
  0.98
  0.67
  0.50
  1.33
  0.69
  0.26
  1.93
  1.09
  3.26
  6.51
  0.88
  2.31
  1.22
  0.29
  2.92
  1.00
  2.61
  0.61
  0.31
  1.60
  1.24
  2.79
  1.19
  5.16
  0.36
  0.34
  0.11
  0.55
  0.70
  1.96
  1.60
  1.86
  0.88
  2.30
  0.43
  0.25
  0.47
  1.79
  4.37
  4.12
  4.94
  1.61
  4.21
  2.22
  2.89
  1.60
  0.98
  2.68
  0.89
  1.24
  0.28
  0.49
  0.68
  1.14
  2.75
  1.66
  0.65
  0.12
  2.17
  1.01
  1.08
  1.87
  0.35
  0.53
  0.79
  1.59
  0.30
  0.31
  0.60
  0.34
  0.45
  1.59
  1.25
  0.12
  0.48
  1.54
  0.84
  0.88
  2.35
  1.71
  4.87
  2.85
  2.58
  0.50
  2.47
  5.38
  1.39
  0.59
  2.88
  0.46
  0.48
  1.75
  0.79
  1.26
  0.10
  2.28
  0.79
  0.38
  0.60
  0.18
  0.29
  1.72
  0.77
  0.45
  0.40
  0.14
  0.10
  0.31
  1.92
  4.29
  3.60
  1.57
  1.55
  0.43
  1.31
  2.10
  1.72
  1.13
  1.86
  0.18
  0.83
  1.12
  2.54
  0.71
  3.82
  0.84
  1.85
  4.59
  1.38
  4.49
  1.59
  0.46
  4.03
  0.63
  1.39
  5.43
  2.07
  0.66
  0.93
  0.73
  0.39
  4.52
  3.91
  0.32
  0.27
  3.78
  1.37
  1.81
  0.72
  0.37
  1.01
  2.40
  0.34
  1.00
  0.18
  1.25
  5.38
  2.39
  1.26
  1.43
  0.80
  6.07
  0.17
  0.28
  0.53
  0.78
  4.85
  1.18
  1.31
  1.69
  2.45
  2.07
  1.00
  3.70
  0.29
  1.88
  1.41
  0.60
  0.64
  0.87
  0.10
  2.59
  1.82
  0.62
  1.54
  0.30
  0.28
  0.78
  0.85
  1.63
  0.31
  2.52
  1.48
  1.55
  1.27
  1.03
  1.85
  0.26
  0.49
  1.83
  3.94
  3.62
  0.74
  3.97
  0.24
  1.02
  0.64
  0.78
  0.40
  0.27
  0.24
  0.11
  4.79
  8.49
  1.11
  0.44
  0.72
  0.79
  0.16
  1.35
  1.38
  5.18
  0.11
  2.20
  0.74
  0.15
  5.48
  3.05
  1.49
  1.83
  1.23
  0.60
  1.20
  2.29
  0.94
  4.24
  0.75
  0.10
  1.46
  2.06
  1.59
  0.64
  4.94
  6.15
  0.85
  0.35
  0.17
  0.19
  1.69
  1.30
  3.47
  0.13
  2.21
  0.25
  0.24
  0.25
  0.17
  0.47
  0.98
  0.60
  7.39
  1.05
  1.07
  4.69
  0.89
  2.30
  0.79
  0.55
  0.33
  3.62
  5.24
  0.86
  0.74
  0.69
  0.71
  1.79
  2.10
  1.04
  3.48
  2.23
  3.31
  1.03
  1.61
  0.13
  1.13
  0.82
  0.24
  1.44
  1.19
  1.80
  6.33
  2.93
  0.59
  1.99
  1.23
  2.65
  0.18
  2.56
  0.32
  3.62
  0.86
  5.79
  5.64
  3.39
  0.17
  0.91
  3.75
  1.08
  0.93
  0.30
  1.19
  1.00
  1.62
  0.25
  2.10
  0.19
  9.80
  0.59
  1.01
  0.40
  2.58
  0.11
  0.79
  0.30
  0.80
  1.89
  1.17
  1.13
  1.00
  0.55
  0.25
  0.15
  0.65
  0.29
  1.78
  0.36
  3.42
  2.07
  0.51
  0.94
  0.59
  0.17
  1.44
  0.14
  2.24
  0.66
  0.11
  1.24
  1.19
  2.46
  0.19
  2.06
  2.93
 10.63
  2.01
  0.29
  0.76
  3.46
  4.50
  3.70
  2.54
  0.53
  0.53
  0.86
  2.47
  2.91
  3.30
  0.51
  4.18
  3.21
  0.99
  0.64
  0.88
  0.90
  0.47
  1.20
  0.70
  4.33
  2.63
  2.45
  2.45
  3.68
  1.26
  0.30
  2.21
  1.03
  1.27
  0.39
  1.08
  1.51
  0.34
  0.11
  0.20
  0.36
  0.51
  0.46
  1.89
  1.05
  3.53
  0.90
  1.32
  4.10
  0.33
  3.77
  6.05
  0.77
  2.20
  1.20
  1.48
  2.06
  0.15
  1.46
  3.76
  1.83
  0.93
  1.82
  1.41
  0.16
  0.42
  0.39
  0.26
  1.48
  0.45
  0.38
  1.07
  1.09
  1.58
  1.14
  0.57
  1.63
  1.26
  1.23
  0.35
  2.00
  0.38
  0.11
  3.58
  0.18
  1.63
  0.42
  1.90
  0.66
  0.30
  1.25
  0.20
  2.36
  3.73
  0.34
  0.62
  2.12
  0.16
  1.69
  0.69
  0.46
  3.02
  1.73
  0.51
  1.44
  0.27
  0.28
  0.83
  2.73
  0.37
  0.24
  0.17
  0.97
  0.38
  1.17
  0.69
  0.67
  4.19
  3.99
  0.50
  0.31
  0.83
  0.69
  0.78
  0.47
  0.11
  0.69
  1.27
  1.62
  1.44
  0.17
  0.91
  1.86
  2.67
  0.62
  1.39
  2.15
  4.74
  0.49
  1.08
  0.71
  1.26
  0.54
  1.52
  3.15
  2.90
  2.82
  0.89
  0.39
  1.03
  1.73
  1.59
  4.53
  2.40
  0.47
  1.78
  0.51
  0.15
  0.73
  1.34
  0.14
  2.42
  2.69
  0.10
  3.69
  1.71
  1.27
  4.71
  0.11
  0.55
  2.42
  1.08
  3.28
  0.31
  2.29
  2.21
  0.14
  2.03
  0.11
  0.85
  1.49
  1.15
  1.52
  0.95
  0.16
  1.77
  1.64
  0.28
  4.44
  0.74
  1.49
  3.41
  0.96
  3.52
  0.57
  0.84
  0.27
  0.40
  1.42
  0.41
  0.44
  0.27
  0.86
  0.35
  3.60
  0.92
  0.63
  0.58
  2.36
  0.79
  0.10
  0.51
  0.30
  1.17
  3.80
  1.70
  0.81
  3.91
  3.04
  1.57
  1.34
  0.18
  2.29
  1.34
  0.82
  1.23
  1.27
  0.91
  1.13
  2.70
  1.47
  2.71
  0.47
  0.41
  0.43
  0.17
  1.10
  3.60
  0.29
  5.28
  0.26
  0.39
  1.96
  0.17
  0.56
  2.05
  3.88
  1.60
  6.18
  0.47
  0.67
  0.43
  0.19
  0.14
  0.75
  0.30
  0.51
  0.91
  0.49
  0.80
  1.97
  1.34
  1.55
  2.25
  0.48
  0.29
  0.52
  4.53
  0.43
  1.60
  0.23
  1.66
  1.29
  0.19
  4.82
  2.51
  2.23
  0.17
  0.49
  2.22
  2.11
  2.19
  0.11
  2.42
  0.56
  1.80
  1.48
  0.73
  1.85
  3.07
  0.92
  1.73
  0.40
  4.60
  0.50
  1.11
  0.83
  0.89
  1.35
  0.37
  1.11
  2.42
  3.65
  1.15
  0.51
  1.15
  2.92
  1.60
  0.99
  0.16
  0.62
  0.85
  1.41
  0.32
  0.15
  0.31
  1.43
  0.69
  0.41
  4.99
  0.58
  0.84
  0.67
  0.22
  0.77
  0.93
  0.16
  0.43
  2.91
  4.50
  0.28
  1.72
  2.22
  3.62
  1.56
  4.58
  0.25
  1.70
  0.40
  1.21
  0.47
  1.32
  0.62
  0.53
  0.64
  0.64
  0.79
  0.81
  0.17
  2.25
  4.65
  1.07
  0.65
  0.27
  1.43
  1.05
  0.18
  1.91
  0.68
  3.40
  0.88
  0.92
  0.70
  0.13
  0.33
  0.45
  9.23
  1.79
  2.60
  1.60
  1.24
  3.18
  2.82
  3.86
  2.60
  2.86
  0.14
  2.18
  2.03
  0.50
  0.12
  0.84
  0.32
  3.47
  0.11
  3.74
  0.32
  0.74
  1.87
  1.25
  0.42
  0.74
  1.68
  0.26
  1.61
  0.34
  0.33
  1.15
  2.05
  1.82
  0.28
  1.75
  7.50
  1.34
  0.89
  1.31
  1.70
  1.23
  0.37
  7.81
  0.63
  4.99
  4.73
  0.89
  1.19
  0.78
  0.59
  4.10
  0.48
  0.65
  1.57
  3.39
  3.11
  1.95
  0.53
  1.61
  0.31
  1.24
  1.28
  4.85
  5.25
  3.29
  0.13
  0.14
  0.10
  3.37
  0.42
  2.29
  0.81
  0.16
  1.10
  0.89
  0.52
  0.83
  3.26
  1.72
  0.44
  0.39
  0.18
  0.68
  1.44
  2.53
  0.11
  5.94
  1.10
  7.52
  1.95
  0.34
  2.58
  1.38
  0.14
  1.15
  0.97
  0.23
  1.89
  1.87
  0.90
  0.87
  0.97
  0.28
  0.46
  1.68
  2.89
  0.70
  0.58
  0.70
  1.82
  4.13
  1.03
  0.45
  4.16
  0.12
  3.06
  1.94
  1.73
  2.05
  2.33
  1.80
  0.54
  0.17
  1.42
  0.70
  1.19
  1.31
  2.79
  0.25
  0.75
  0.82
  4.94
  4.32
  1.43
  1.01
  1.09
  0.18
  1.90
  1.17
  0.57
  2.69
  2.86
  1.67
  0.37
  1.42
  0.18
  2.14
  0.76
  0.17
  2.30
  0.24
  0.96
  0.89
  0.90
  0.11
  0.61
  1.94
  2.64
  0.84
  1.47
  0.72
  2.31
  5.18
  6.38
  1.26
  2.70
  2.18
  1.93
  0.30
  0.39
  0.21
  1.69
  0.88
  1.38
  3.13
  0.70
  2.50
  0.42
  2.09
  1.02
  2.63
  2.13
  0.10
  0.92
  1.28
  4.43
  0.42
  4.49
  0.61
  0.52
  0.88
  0.56
  3.79
  1.20
  3.26
  2.12
  2.50
  2.55
  1.65
  0.69
  1.76
  0.11
  0.63
  0.42
  1.24
  0.72
  0.12
  0.72
  2.33
  1.01
  1.28
  1.94
  0.11
  1.01
  1.22
  2.44
  0.67
  1.87
  1.47
  1.50
  0.77
  0.17
  0.34
  2.84
  3.93
  3.06
  4.50
  0.14
  1.09
  0.85
  0.37
  1.93
  0.11
  0.54
  4.28
  1.90
  0.37
  0.40
  0.93
  0.80
  0.43
  1.93
  2.26
  3.86
  0.94
  0.32
  0.62
  1.90
  1.44
  4.62
  0.52
  0.98
  2.67
  0.31
  0.67
  2.15
  1.43
  3.36
  2.97
  2.50
  0.95
  3.19
  0.93
  2.10
  3.55
  3.40
  1.05
  0.33
  1.16
  0.19
  5.78
  3.27
  2.04
  2.45
  0.26
  1.87
  3.27
  3.41
  1.52
  0.15
  1.36
  1.10
  2.65
  1.89
  1.68
  0.30
  0.68
  1.28
  0.37
  2.40
  0.35
  1.06
  2.34
  0.25
  0.12
  0.48
  1.46
  0.63
  0.95
  1.01
  0.41
  0.51
  0.15
  0.40
  1.85
  1.30
  4.55
  5.18
  2.71
  1.70
  1.00
  0.92
  1.21
  0.26
  3.64
  0.66
  0.44
  4.23
  0.53
  0.29
  4.76
  1.34
  0.88
  0.29
  1.83
  0.79
  0.26
  1.42
  1.33
  2.49
  1.82
  4.09
  1.52
  0.68
  0.87
  1.66
  1.22
  1.59
  0.12
  0.13
  1.39
  6.41
  3.27
  0.87
  0.19
  2.35
  0.75
  7.48
  2.19
  2.58
  1.37
  1.50
  4.78
  2.15
  1.03
  6.31
  1.50
  1.87
  0.19
  0.19
  1.49
  0.15
  2.95
  0.10
  1.14
  2.37
  4.77
  2.36
  0.47
  0.35
  0.91
  0.51
  3.02
  1.54
  0.17
  0.20
  1.59
  0.40
  3.57
  0.89
  1.24
  1.52
  0.14
  1.35
  1.68
  1.13
  1.12
  0.94
  0.37
  2.53
  1.06
  1.40
  0.51
  1.44
  3.26
  0.63
  0.62
  0.44
  1.09
  0.76
  1.51
  0.37
  2.05
  0.34
  2.05
  0.18
  0.57
  0.42
  1.64
  2.30
  0.84
  0.50
  1.13
  1.41
  3.04
  2.16
  0.82
  0.60
  0.11
  0.74
  0.60
  1.02
  0.15
  3.12
  0.24
  1.45
  0.12
  3.17
  5.07
  0.58
  2.14
  0.46
  0.15
  5.72
  0.77
  0.83
  0.11
  0.65
  3.80
  0.85
  1.92
  0.80
  1.25
  4.71
  1.89
  0.77
  2.11
  0.38
  1.88
  0.42
  1.50
  1.97
  0.68
  1.73
  1.75
  0.44
  2.87
  2.16
  0.92
  0.42
  3.14
  0.11
  5.22
  0.75
  0.79
  2.06
  1.45
  1.00
  0.16
  0.50
  0.16
  2.88
  0.68
  0.49
  1.84
  0.86
  1.72
  0.38
  4.07
  0.40
  0.46
  1.41
  3.98
  0.10
  0.45
  0.19
  1.20
  1.27
  1.43
  1.41
  3.12
  2.28
  1.78
  0.85
  2.47
  3.28
  1.75
  0.37
  1.89
  2.21
  0.17
  1.05
  0.47
  1.13
  2.78
  0.86
  0.83
  1.73
  2.45
  3.53
  0.42
  0.42
  1.43
  0.13
  0.96
  4.96
  0.29
  0.17
  0.29
  1.39
  1.59
  1.27
  0.16
  0.47
  0.12
  0.48
  2.59
  9.40
  4.00
  1.41
  0.30
  0.83
  4.10
  2.70
  0.30
  0.35
  1.44
  1.76
  1.22
  1.71
  2.06
  3.05
  1.01
  0.54
  0.47
  0.32
  0.64
  1.87
  0.10
  3.88
  1.97
  1.01
  1.10
  1.23
  4.00
  1.95
  0.93
  3.33
  1.07
  1.05
  3.29
  3.17
  1.47
  0.16
  0.88
  1.60
  0.59
  0.99
  3.36
  0.97
  1.20
  2.90
  0.12
  1.39
  1.52
  1.67
  8.38
  0.90
  1.73
  3.04
  0.49
  0.48
  0.11
  4.53
  1.27
  2.51
  0.19
  0.97
  0.74
  0.18
  1.58
  0.15
  0.67
  1.84
  0.57
  1.05
  0.19
  1.32
  0.16
  1.50
  2.54
  2.63
  1.15
  1.35
  3.70
  0.12
  0.60
  0.38
  2.39
  0.15
  0.91
  2.19
  2.31
  0.55
  1.47
  0.10
  0.88
  0.10
  0.68
  0.64
  0.28
  0.75
  0.15
  0.65
  1.55
  0.85
  0.53
  6.99
  0.78
  0.33
  0.35
  1.76
  0.14
  1.01
  0.49
  0.16
  0.45
  2.17
  0.24
  2.88
  1.14
  0.28
  0.25
  2.11
  0.15
  1.33
  1.95
  0.44
  0.76
  1.01
  2.88
  0.37
  1.22
  0.30
  4.50
  2.41
  1.55
  1.71
  0.12
  0.30
  3.57
  5.78
  0.84
  0.19
  1.23
  0.45
  4.81
  0.66
  5.51
  0.63
  2.45
  0.47
  0.25
  0.50
  1.78
  0.30
  3.48
  0.86
  0.39
  2.11
  0.58
  1.05
  2.25
  0.12
  1.18
  1.62
  2.81
  5.59
  3.59
  0.37
  0.29
  0.19
  2.46
  0.32
  1.28
  0.99
  0.11
  1.99
  2.53
  0.30
  1.27
  0.49
  4.19
  0.83
  0.18
  4.58
  1.44
  0.63
  6.08
  6.02
  2.06
  1.27
  1.49
  5.11
  0.42
  1.86
  0.55
  3.98
  1.42
  1.17
  2.06
  0.60
  1.24
  0.86
  4.11
  0.33
  0.43
  0.16
  0.13
  1.16
  2.96
  0.28
  1.89
  1.50
  1.68
  2.87
  0.15
  0.90
  1.88
  0.12
  0.51
  0.41
  0.41
  0.64
  0.43
  0.89
  0.16
  1.36
  0.89
  0.27
  0.55
  0.34
  0.41
  3.66
  0.26
  0.12
  0.92
  4.69
  0.12
  0.47
  2.11
  3.88
  0.44
  0.65
  0.75
  0.18
  0.71
  1.28
  1.78
  1.16
  0.64
  0.68
  1.57
  1.32
  0.53
  0.60
  1.71
  3.13
  0.16
  0.92
  0.30
  4.43
  1.00
  1.46
  0.72
  2.48
  7.48
  0.15
  0.39
  1.54
  2.46
  0.21
  0.12
  0.20
  1.18
  2.34
  1.70
  0.61
  0.11
  1.01
  0.94
  0.81
  0.52
  1.10
  0.70
  1.20
  0.81
  0.64
  5.01
  2.57
  4.93
  0.36
  0.67
  0.11
  0.71
  1.24
  1.15
  0.40
  0.88
  2.40
  2.07
  0.34
  5.89
  1.50
  0.47
  0.49
  0.73
  1.56
  1.94
  1.18
  2.44
  6.95
  0.19
  0.33
  1.42
  8.39
  0.34
  0.92
  0.17
  0.20
  0.22
  0.51
  0.10
  2.83
  1.14
  0.93
  0.20
  0.13
  1.01
  1.27
  7.64
  2.29
  0.14
  3.71
  0.60
  0.40
  0.19
  5.66
  0.45
  0.42
  0.57
  0.71
  4.94
  0.72
  0.18
  0.93
  0.16
  1.02
  3.04
  0.23
  0.44
  0.56
  1.41
  2.40
  1.00
  0.75
  0.18
  1.16
  0.54
  0.12
  2.76
  0.16
  0.33
  0.73
  0.87
  1.04
  0.67
  1.78
  2.10
  0.65
  0.35
  0.89
  3.70
  2.47
  2.93
  0.45
  1.71
  2.06
  0.46
  1.06
  0.48
  1.26
  1.72
  1.79
  0.61
  0.69
  1.35
  1.66
  0.78
  0.41
  0.77
  3.75
  0.68
  2.91
  0.45
  0.14
  1.40
  0.45
  0.18
  3.14
  0.43
  2.02
  0.18
  0.88
  0.59
  0.56
  2.77
  0.35
  0.19
  0.83
  2.32
  1.07
  1.44
  0.10
  2.69
  0.64
  0.67
  1.76
  0.52
  0.10
  1.24
  1.26
  1.16
  0.12
  2.03
  1.77
  0.33
  0.69
  1.73
  0.57
  0.19
  2.10
  3.24
  0.44
  0.58
  0.25
  1.65
  0.15
  0.27
  0.18
  0.27
  0.26
  0.26
  2.27
  0.23
  5.54
  0.17
  3.20
  2.07
  0.89
  0.88
  2.11
  0.80
  0.50
  2.69
  3.70
  3.98
  1.20
  1.65
  0.16
  1.03
  0.44
  1.77
  3.07
  1.50
  2.24
  2.46
  3.26
  0.50
  0.35
  0.75
  1.65
  0.11
  3.14
  0.82
  0.77
  2.56
  5.66
  3.62
  0.52
  0.98
  2.96
  2.67
  1.38
  2.26
  0.85
  1.62
  1.69
  5.61
  1.26
  0.19
  1.68
  0.28
  1.68
  2.16
  1.86
  2.66
  0.97
  0.11
  0.54
  0.29
  0.35
  0.52
  1.69
  1.55
  3.14
  0.39
  0.27
  1.45
  2.18
  0.76
  0.36
  4.23
  0.11
  2.86
  0.45
  5.97
  1.58
  0.94
  2.15
  0.95
  0.30
  0.23
  0.33
  0.65
  0.12
  1.58
  1.23
  2.34
  1.20
  0.59
  0.27
  2.59
  1.50
  1.30
  0.13
  0.76
  1.99
  3.89
  1.14
  0.81
  0.53
  0.51
  0.74
  0.37
  0.12
  0.89
  1.12
  1.50
  3.91
  0.20
  0.86
  0.14
  3.36
  0.17
  0.25
  1.65
  0.15
  2.42
  0.11
  1.08
  2.13
  0.13
  0.26
  0.83
  0.96
  1.57
  0.10
  2.79
  0.42
  0.18
  0.77
  0.53
  1.28
  2.96
  1.06
  1.37
  3.98
  3.39
  1.74
  1.88
  1.36
  2.08
  0.19
  4.27
  0.61
  0.28
  0.29
  0.42
  2.77
  0.16
  0.93
  0.95
  0.86
  0.73
  1.50
  0.35
  0.13
  0.15
  0.61
  2.33
  2.46
  0.97
  2.64
  4.67
  0.19
  1.21
  0.14
  1.93
  2.49
  1.54
  1.10
  0.80
  0.71
  4.99
  1.17
  0.44
  0.28
  2.49
  1.30
  0.27
  1.04
  0.96
  0.14
  0.46
  0.17
  2.23
  0.18
  0.21
  0.69
  0.68
  0.15
  0.63
  4.98
  0.32
  1.21
  0.16
  1.93
  0.90
  2.19
  1.21
  3.99
  5.64
  0.56
  1.30
  0.49
  0.18
  3.34
  0.57
  1.93
  0.96
  0.19
  0.12
  0.14
  0.68
  3.51
  1.22
  2.01
  2.44
  1.02
  0.13
  0.29
  1.80
  2.68
  0.50
  0.72
  0.18
  1.37
  5.64
  1.96
  0.51
  0.19
  1.49
  1.14
  2.45
  0.32
  0.67
  2.66
  2.06
  0.42
  2.09
  2.47
  1.44
  5.43
  2.17
  0.51
  0.49
  0.61
  1.73
  0.62
  1.04
  1.07
  0.62
  1.21
  1.03
  4.28
  1.51
  0.60
  1.01
  0.93
  1.21
  0.43
  0.42
  2.42
  0.52
  2.78
  0.30
  3.06
  6.80
  1.29
  0.44
  0.95
  0.11
  0.63
  1.94
  0.73
  0.46
  2.35
  1.80
  0.86
  1.30
  1.21
  0.14
  2.01
  2.94
  0.85
  2.24
  0.87
  1.30
  0.72
  2.12
  0.40
  2.25
  0.50
  0.68
  0.20
  0.69
  0.52
  0.23
  1.13
  1.85
  1.10
  0.39
  0.28
  0.65
  1.17
  0.59
  5.83
  0.16
  1.57
  2.99
  2.54
  0.76
  2.32
  3.22
  3.57
  2.36
  0.69
  0.28
  1.61
  1.99
  0.33
  2.80
  0.16
  2.32
  0.67
  1.27
  0.66
  2.29
  4.09
  0.47
  2.13
  1.64
  0.88
  0.76
  1.98
  1.89
  3.78
  0.75
  0.95
  3.11
  1.77
  3.37
  0.72
  1.20
  1.30
  3.40
  2.06
  2.47
  0.53
  0.84
  4.02
  0.17
  0.17
  0.29
  0.42
  0.26
  0.34
  5.05
  1.81
  0.12
  1.88
  0.72
  5.63
  0.30
  1.20
  0.95
  0.12
  0.26
  5.81
  1.80
  0.12
  0.50
  0.68
  0.91
  0.36
  1.42
  1.95
  2.74
  2.12
  2.33
  0.24
  1.51
  2.75
  4.11
  0.38
  0.13
  1.80
  2.01
  0.50
  6.90
  1.16
  1.05
  0.73
  1.45
  2.20
  1.68
  0.27
  0.32
  1.67
  1.51
  0.59
  3.35
  0.30
  5.41
  2.29
  0.36
  3.21
  0.89
  1.46
  0.50
  0.72
  2.43
  0.93
  2.57
  0.30
  0.22
  1.01
  3.67
  2.68
  0.11
  2.64
  0.83
  1.52
  1.56
  6.23
  0.23
  2.41
  2.24
  0.60
  0.56
  1.21
  1.57
  1.02
  0.48
  0.12
  1.35
  3.61
  0.82
  3.84
  0.15
  0.31
  1.73
  4.29
  1.35
  1.12
  1.57
  9.09
  3.53
  0.67
  1.31
  2.34
  0.61
  2.86
  2.16
  1.54
  0.60
  5.88
  0.12
  0.32
  0.47
  0.74
  7.48
  1.18
  1.64
  2.50
  7.30
  1.96
  0.93
  1.39
  2.83
  0.47
  5.65
  3.77
  4.32
  0.51
  1.79
  0.33
  2.93
  0.32
  1.06
  0.84
  0.90
  6.41
  2.03
  0.13
  0.11
  0.69
  0.53
  0.15
  5.26
  0.57
  1.93
  0.45
  0.90
  0.55
  0.54
  1.00
  0.12
  2.67
  0.41
  0.42
  8.72
  0.42
  1.45
  3.21
  0.25
  0.63
  2.93
  0.85
  1.73
  1.61
  0.12
  2.73
  1.07
  3.07
  0.28
  0.11
  0.72
  2.09
  1.92
  2.06
  2.91
  2.27
  1.12
  0.59
  0.91
  2.03
  1.75
  0.13
  7.40
  0.24
  2.04
  3.04
  4.11
  2.31
  0.84
  3.45
  0.51
  0.47
  0.56
  0.19
  2.29
  1.76
  2.49
  6.44
  1.67
  0.11
  0.84
  2.83
  1.00
  1.27
  1.84
  2.37
  2.06
  0.56
  3.56
  0.90
  0.11
  0.43
  3.77
  1.16
  3.89
  0.30
  0.45
  0.63
  0.31
  1.20
  1.92
  0.46
  4.12
  1.08
  5.21
  0.91
  1.03
  0.16
  1.66
  0.59
  0.53
  0.52
  1.22
  0.25
  0.32
  0.96
  0.82
  0.19
  0.77
  1.64
  2.21
  1.63
  2.83
  0.17
  1.50
  0.37
  0.26
  2.08
  1.21
  5.61
  0.69
  2.36
  1.11
  0.26
  0.91
  1.32
  1.73
  2.13
  1.41
  0.64
  2.39
  1.63
  5.09
  2.18
  0.99
  2.29
  1.44
  2.93
  0.91
  1.02
  6.67
  3.13
  0.17
  0.32
  1.55
  0.47
  0.65
  1.25
  0.24
  1.18
  0.22
  3.12
  3.08
  1.06
  1.52
  4.37
  0.69
  1.78
  2.46
  3.46
  1.30
  0.93
  0.52
  1.06
  5.05
  1.06
  0.26
  0.71
  4.86
  0.62
  1.01
  2.40
  2.33
  0.52
  1.84
  0.69
  3.77
  1.03
  0.94
  1.95
  0.74
  0.18
  0.19
  1.10
  4.97
  1.17
  0.19
  4.36
  0.12
  0.85
  0.17
  1.72
  0.89
  3.25
  5.64
  1.35
  1.58
  1.45
  0.62
  2.45
  2.02
  0.16
  0.72
  0.95
  3.40
  0.23
  0.33
  3.87
  4.00
  0.38
  0.77
  0.10
  0.15
  0.57
  2.08
  2.69
  0.33
  0.11
  0.56
  0.52
  2.28
  0.16
  1.94
  0.76
  0.14
  3.34
  5.07
  1.00
  1.38
  2.49
  1.30
  2.20
  0.51
  0.32
  1.21
  0.61
  0.79
  0.46
  0.73
  1.37
  1.09
  1.98
  0.63
  0.13
  0.38
  2.78
  2.44
  1.33
  1.83
  0.14
  0.53
  5.69
  0.13
  0.30
  1.90
  0.16
  0.20
  0.74
  0.78
  5.73
  1.16
  2.53
  4.69
  0.91
  1.05
  0.83
  1.77
  0.25
  0.79
  0.91
  0.79
  2.62
  9.01
  0.66
  0.28
  3.23
  2.06
  2.25
  0.51
  2.09
  1.31
  0.20
  0.37
  0.51
  1.28
  2.42
  0.65
  0.65
  2.45
  0.92
  0.66
  0.86
  0.12
  2.93
  1.36
  0.19
  1.73
  0.91
  1.58
  1.60
  0.51
  1.94
  0.41
  1.00
  3.12
  0.72
  0.20
  0.19
  2.76
  0.15
  0.61
  4.38
  0.34
  0.54
  5.39
  1.48
  0.71
  0.63
  0.48
  1.53
  0.35
  0.52
  6.08
  0.94
  1.97
  1.50
  1.03
  2.21
  1.18
  1.08
  0.15
  1.19
  0.29
  0.94
  3.10
  0.70
  4.00
  0.14
  0.60
  1.29
  0.17
  0.68
  2.18
  2.62
  0.26
  1.95
  1.13
  0.56
  0.48
  0.32
  2.38
  1.73
  0.92
  0.37
  1.10
  2.52
  0.61
  0.62
  5.47
  0.90
  3.62
  4.13
  4.53
  2.30
  2.55
  0.75
  2.70
  0.42
  0.48
  0.50
  1.91
  0.43
  0.26
  0.83
  1.47
  1.07
  1.55
  0.67
  3.43
  1.17
  0.14
  4.07
  3.86
  0.79
  1.02
  1.63
  0.47
  0.88
  0.70
  1.40
  1.32
  0.42
  0.45
  0.58
  5.86
  1.47
  1.50
  0.77
  0.44
  4.00
  0.53
  4.86
  0.60
  0.85
  2.13
  0.51
  0.30
  3.06
  0.83
  1.88
  0.14
  4.16
  2.61
  0.29
  1.08
  2.29
  2.04
  1.17
  1.10
  1.30
  1.00
  0.87
  5.41
  0.46
  0.17
  0.27
  2.58
  1.28
  3.52
  0.51
  0.11
  1.71
  0.85
  0.16
  0.59
  0.53
  0.81
  0.15
  1.16
  2.62
  1.47
  0.99
  3.46
  0.19
  0.17
  2.99
  0.91
  0.23
  2.08
  0.57
  5.21
  1.55
  2.44
  0.94
  2.05
  0.14
  1.65
  0.12
  0.61
  3.80
  1.70
  2.76
  6.39
  1.76
  3.40
  1.79
  0.62
  2.16
  1.51
  0.88
  0.15
  1.16
  0.45
  3.55
  0.92
  0.18
  1.06
  1.44
  0.24
  5.63
  0.59
  1.87
  0.24
  0.18
  4.57
  0.41
  0.29
  1.65
  0.17
  0.10
  1.33
  0.14
  2.33
  0.77
  0.45
  2.62
  0.11
  2.87
  3.05
  0.14
  2.63
  0.11
  0.63
  3.93
  0.42
  0.69
  0.29
  0.68
  0.15
  3.71
  0.47
  0.74
  1.03
  0.19
  0.53
  1.53
  0.95
  1.16
  2.13
  0.30
  0.22
  2.16
  2.31
  6.16
  1.29
  1.57
  4.75
  2.83
  0.95
  2.00
  2.41
  1.26
  2.33
  0.74
  1.56
  0.29
  0.64
  1.14
  0.43
  0.68
  4.10
  0.98
  3.12
  2.34
  1.61
  5.41
  1.05
  1.78
  6.53
  1.10
  2.68
  3.02
  0.98
  2.02
  0.27
  1.30
  0.48
  3.35
  2.80
  1.46
  2.08
  1.22
  3.30
  1.36
  2.53
  0.50
  3.50
  2.26
  1.55
  0.62
  1.48
  0.81
  1.97
  3.03
  0.85
  1.90
  5.16
  0.82
  1.09
  3.52
  0.97
  0.24
  0.33
  2.69
  0.43
  0.32
  2.06
  1.18
  1.80
  0.11
  0.97
  1.31
  0.27
  0.87
  0.46
  3.74
  0.18
  0.47
  0.23
  3.88
  0.91
  0.72
  0.30
  1.83
  0.19
  0.34
  1.61
  0.66
  4.29
 10.18
  3.76
  4.54
  0.65
  0.31
  0.68
  3.89
  0.19
  0.42
  1.65
  0.57
  0.38
  0.88
  0.41
  0.80
  1.01
  1.75
  0.93
  1.06
  6.52
  0.25
  3.34
  0.52
  1.02
  1.21
  0.75
  0.46
  0.36
  0.91
  0.13
  5.96
  3.18
  1.61
  1.23
  3.19
  0.93
  0.70
  0.63
  0.46
  1.17
  1.40
  0.29
  0.74
  1.14
  0.62
  3.89
  2.52
  2.35
  3.53
  0.13
  0.70
  0.31
  0.12
  1.69
  0.74
  0.31
  5.19
  2.50
  1.79
  0.82
  0.12
  1.22
  0.86
  2.38
  2.17
  0.89
  0.27
  0.33
  1.63
  2.23
  0.65
  4.65
  2.37
  0.31
  0.83
  0.25
  1.17
  1.35
  1.25
  1.36
  1.74
  1.77
  0.28
  0.89
  1.11
  1.40
  2.60
  0.91
  0.64
  1.41
  0.51
  0.86
  0.19
  0.29
  0.44
  0.67
  1.64
  1.50
  2.39
  5.43
  1.91
  3.08
  1.46
  1.14
  0.27
  1.17
  1.96
  0.54
  2.42
  0.26
  0.43
  0.31
  3.04
  1.84
  1.04
  1.10
  1.47
  4.06
  0.48
  0.46
  1.76
  0.12
  0.58
  1.32
  2.26
  1.55
  1.25
  0.32
  0.96
  1.73
  4.71
  2.66
  3.72
  1.26
  1.27
  1.52
  1.22
  3.89
  3.80
  3.50
  0.14
  1.42
  0.65
